2.970000000000000000e+02
2.940000000000000000e+02
2.910000000000000000e+02
2.870000000000000000e+02
2.850000000000000000e+02
2.860000000000000000e+02
2.840000000000000000e+02
2.830000000000000000e+02
2.830000000000000000e+02
2.810000000000000000e+02
2.820000000000000000e+02
2.810000000000000000e+02
2.770000000000000000e+02
2.730000000000000000e+02
2.740000000000000000e+02
2.720000000000000000e+02
2.750000000000000000e+02
2.700000000000000000e+02
2.710000000000000000e+02
2.730000000000000000e+02
2.600000000000000000e+02
2.600000000000000000e+02
2.620000000000000000e+02
2.620000000000000000e+02
2.630000000000000000e+02
2.620000000000000000e+02
2.620000000000000000e+02
2.630000000000000000e+02
2.670000000000000000e+02
2.720000000000000000e+02
2.750000000000000000e+02
2.720000000000000000e+02
2.720000000000000000e+02
2.750000000000000000e+02
2.770000000000000000e+02
2.790000000000000000e+02
2.810000000000000000e+02
2.820000000000000000e+02
2.860000000000000000e+02
2.930000000000000000e+02
2.870000000000000000e+02
2.830000000000000000e+02
2.790000000000000000e+02
2.760000000000000000e+02
2.750000000000000000e+02
2.740000000000000000e+02
2.740000000000000000e+02
2.720000000000000000e+02
2.680000000000000000e+02
2.680000000000000000e+02
2.640000000000000000e+02
2.620000000000000000e+02
2.590000000000000000e+02
2.560000000000000000e+02
2.590000000000000000e+02
2.570000000000000000e+02
2.570000000000000000e+02
2.540000000000000000e+02
2.540000000000000000e+02
2.540000000000000000e+02
2.440000000000000000e+02
2.450000000000000000e+02
2.470000000000000000e+02
2.460000000000000000e+02
2.500000000000000000e+02
2.470000000000000000e+02
2.490000000000000000e+02
2.490000000000000000e+02
2.510000000000000000e+02
2.500000000000000000e+02
2.510000000000000000e+02
2.570000000000000000e+02
2.600000000000000000e+02
2.620000000000000000e+02
2.620000000000000000e+02
2.680000000000000000e+02
2.670000000000000000e+02
2.690000000000000000e+02
2.700000000000000000e+02
2.720000000000000000e+02
2.650000000000000000e+02
2.660000000000000000e+02
2.610000000000000000e+02
2.570000000000000000e+02
2.560000000000000000e+02
2.570000000000000000e+02
2.580000000000000000e+02
2.520000000000000000e+02
2.520000000000000000e+02
2.500000000000000000e+02
2.510000000000000000e+02
2.440000000000000000e+02
2.430000000000000000e+02
2.420000000000000000e+02
2.420000000000000000e+02
2.410000000000000000e+02
2.410000000000000000e+02
2.410000000000000000e+02
2.400000000000000000e+02
2.390000000000000000e+02
2.310000000000000000e+02
2.290000000000000000e+02
2.320000000000000000e+02
2.300000000000000000e+02
2.300000000000000000e+02
2.310000000000000000e+02
2.340000000000000000e+02
2.350000000000000000e+02
2.370000000000000000e+02
2.380000000000000000e+02
2.410000000000000000e+02
2.390000000000000000e+02
2.430000000000000000e+02
2.460000000000000000e+02
2.480000000000000000e+02
2.460000000000000000e+02
2.490000000000000000e+02
2.510000000000000000e+02
2.530000000000000000e+02
2.520000000000000000e+02
2.470000000000000000e+02
2.450000000000000000e+02
2.420000000000000000e+02
2.420000000000000000e+02
2.410000000000000000e+02
2.380000000000000000e+02
2.350000000000000000e+02
2.320000000000000000e+02
2.320000000000000000e+02
2.300000000000000000e+02
2.300000000000000000e+02
2.300000000000000000e+02
2.300000000000000000e+02
2.260000000000000000e+02
2.280000000000000000e+02
2.260000000000000000e+02
2.230000000000000000e+02
2.260000000000000000e+02
2.260000000000000000e+02
2.240000000000000000e+02
2.170000000000000000e+02
2.130000000000000000e+02
2.140000000000000000e+02
2.170000000000000000e+02
2.180000000000000000e+02
2.170000000000000000e+02
2.190000000000000000e+02
2.180000000000000000e+02
2.200000000000000000e+02
2.220000000000000000e+02
2.230000000000000000e+02
2.220000000000000000e+02
2.200000000000000000e+02
2.250000000000000000e+02
2.260000000000000000e+02
2.250000000000000000e+02
2.300000000000000000e+02
2.290000000000000000e+02
2.330000000000000000e+02
2.340000000000000000e+02
2.320000000000000000e+02
2.260000000000000000e+02
2.250000000000000000e+02
2.230000000000000000e+02
2.170000000000000000e+02
2.170000000000000000e+02
2.190000000000000000e+02
2.190000000000000000e+02
2.190000000000000000e+02
2.180000000000000000e+02
2.160000000000000000e+02
2.140000000000000000e+02
2.090000000000000000e+02
2.080000000000000000e+02
2.080000000000000000e+02
2.110000000000000000e+02
2.110000000000000000e+02
2.070000000000000000e+02
2.080000000000000000e+02
2.070000000000000000e+02
2.010000000000000000e+02
2.000000000000000000e+02
2.000000000000000000e+02
2.010000000000000000e+02
2.020000000000000000e+02
2.000000000000000000e+02
1.990000000000000000e+02
2.000000000000000000e+02
2.030000000000000000e+02
2.070000000000000000e+02
2.050000000000000000e+02
2.050000000000000000e+02
2.030000000000000000e+02
2.070000000000000000e+02
2.090000000000000000e+02
2.070000000000000000e+02
2.140000000000000000e+02
2.100000000000000000e+02
2.100000000000000000e+02
2.110000000000000000e+02
2.080000000000000000e+02
2.070000000000000000e+02
2.060000000000000000e+02
2.040000000000000000e+02
1.990000000000000000e+02
1.970000000000000000e+02
1.980000000000000000e+02
2.000000000000000000e+02
1.950000000000000000e+02
1.940000000000000000e+02
1.990000000000000000e+02
1.990000000000000000e+02
1.980000000000000000e+02
1.920000000000000000e+02
1.920000000000000000e+02
1.920000000000000000e+02
1.910000000000000000e+02
1.910000000000000000e+02
1.900000000000000000e+02
1.900000000000000000e+02
1.810000000000000000e+02
1.840000000000000000e+02
1.830000000000000000e+02
1.820000000000000000e+02
1.850000000000000000e+02
1.870000000000000000e+02
1.820000000000000000e+02
1.840000000000000000e+02
1.830000000000000000e+02
1.880000000000000000e+02
1.890000000000000000e+02
1.890000000000000000e+02
1.910000000000000000e+02
1.910000000000000000e+02
1.900000000000000000e+02
1.920000000000000000e+02
1.880000000000000000e+02
1.950000000000000000e+02
1.900000000000000000e+02
1.960000000000000000e+02
1.810000000000000000e+02
1.860000000000000000e+02
1.800000000000000000e+02
1.830000000000000000e+02
1.780000000000000000e+02
1.820000000000000000e+02
1.800000000000000000e+02
1.780000000000000000e+02
1.770000000000000000e+02
1.800000000000000000e+02
1.780000000000000000e+02
1.820000000000000000e+02
1.800000000000000000e+02
1.790000000000000000e+02
1.750000000000000000e+02
1.790000000000000000e+02
1.790000000000000000e+02
1.800000000000000000e+02
1.800000000000000000e+02
1.790000000000000000e+02
1.660000000000000000e+02
1.710000000000000000e+02
1.670000000000000000e+02
1.670000000000000000e+02
1.700000000000000000e+02
1.660000000000000000e+02
1.720000000000000000e+02
1.660000000000000000e+02
1.680000000000000000e+02
1.700000000000000000e+02
1.720000000000000000e+02
1.680000000000000000e+02
1.700000000000000000e+02
1.710000000000000000e+02
1.740000000000000000e+02
1.740000000000000000e+02
1.740000000000000000e+02
1.750000000000000000e+02
1.700000000000000000e+02
1.750000000000000000e+02
1.610000000000000000e+02
1.590000000000000000e+02
1.600000000000000000e+02
1.650000000000000000e+02
1.580000000000000000e+02
1.640000000000000000e+02
1.640000000000000000e+02
1.610000000000000000e+02
1.600000000000000000e+02
1.630000000000000000e+02
1.590000000000000000e+02
1.610000000000000000e+02
1.600000000000000000e+02
1.620000000000000000e+02
1.640000000000000000e+02
1.610000000000000000e+02
1.620000000000000000e+02
1.620000000000000000e+02
1.610000000000000000e+02
1.640000000000000000e+02
1.530000000000000000e+02
1.490000000000000000e+02
1.560000000000000000e+02
1.510000000000000000e+02
1.520000000000000000e+02
1.530000000000000000e+02
1.550000000000000000e+02
1.530000000000000000e+02
1.550000000000000000e+02
1.560000000000000000e+02
1.540000000000000000e+02
1.490000000000000000e+02
1.540000000000000000e+02
1.510000000000000000e+02
1.510000000000000000e+02
1.520000000000000000e+02
1.480000000000000000e+02
1.480000000000000000e+02
1.540000000000000000e+02
1.500000000000000000e+02
1.430000000000000000e+02
1.420000000000000000e+02
1.380000000000000000e+02
1.460000000000000000e+02
1.450000000000000000e+02
1.400000000000000000e+02
1.420000000000000000e+02
1.390000000000000000e+02
1.460000000000000000e+02
1.390000000000000000e+02
1.440000000000000000e+02
1.420000000000000000e+02
1.410000000000000000e+02
1.460000000000000000e+02
1.410000000000000000e+02
1.410000000000000000e+02
1.450000000000000000e+02
1.400000000000000000e+02
1.420000000000000000e+02
1.430000000000000000e+02
1.360000000000000000e+02
1.330000000000000000e+02
1.350000000000000000e+02
1.340000000000000000e+02
1.370000000000000000e+02
1.350000000000000000e+02
1.380000000000000000e+02
1.380000000000000000e+02
1.370000000000000000e+02
1.350000000000000000e+02
1.330000000000000000e+02
1.300000000000000000e+02
1.300000000000000000e+02
1.350000000000000000e+02
1.330000000000000000e+02
1.310000000000000000e+02
1.270000000000000000e+02
1.340000000000000000e+02
1.310000000000000000e+02
1.280000000000000000e+02
1.170000000000000000e+02
1.230000000000000000e+02
1.220000000000000000e+02
1.170000000000000000e+02
1.180000000000000000e+02
1.180000000000000000e+02
1.260000000000000000e+02
1.230000000000000000e+02
1.220000000000000000e+02
1.210000000000000000e+02
1.280000000000000000e+02
1.240000000000000000e+02
1.290000000000000000e+02
1.260000000000000000e+02
1.270000000000000000e+02
1.250000000000000000e+02
1.250000000000000000e+02
1.280000000000000000e+02
1.250000000000000000e+02
1.270000000000000000e+02
1.200000000000000000e+02
1.210000000000000000e+02
1.180000000000000000e+02
1.180000000000000000e+02
1.150000000000000000e+02
1.170000000000000000e+02
1.190000000000000000e+02
1.150000000000000000e+02
1.140000000000000000e+02
1.150000000000000000e+02
1.120000000000000000e+02
1.130000000000000000e+02
1.150000000000000000e+02
1.160000000000000000e+02
1.090000000000000000e+02
1.090000000000000000e+02
1.070000000000000000e+02
1.120000000000000000e+02
1.130000000000000000e+02
1.130000000000000000e+02
1.000000000000000000e+02
9.900000000000000000e+01
9.600000000000000000e+01
1.020000000000000000e+02
1.010000000000000000e+02
1.000000000000000000e+02
1.000000000000000000e+02
1.050000000000000000e+02
1.020000000000000000e+02
1.040000000000000000e+02
1.080000000000000000e+02
1.030000000000000000e+02
1.090000000000000000e+02
1.110000000000000000e+02
1.110000000000000000e+02
1.100000000000000000e+02
1.050000000000000000e+02
1.110000000000000000e+02
1.130000000000000000e+02
1.110000000000000000e+02
1.020000000000000000e+02
1.040000000000000000e+02
9.800000000000000000e+01
1.030000000000000000e+02
9.900000000000000000e+01
9.700000000000000000e+01
9.800000000000000000e+01
1.000000000000000000e+02
1.000000000000000000e+02
1.000000000000000000e+02
9.600000000000000000e+01
9.300000000000000000e+01
9.200000000000000000e+01
8.900000000000000000e+01
9.100000000000000000e+01
8.700000000000000000e+01
8.600000000000000000e+01
8.400000000000000000e+01
8.700000000000000000e+01
8.800000000000000000e+01
7.400000000000000000e+01
7.700000000000000000e+01
7.900000000000000000e+01
7.700000000000000000e+01
8.200000000000000000e+01
7.500000000000000000e+01
7.600000000000000000e+01
7.800000000000000000e+01
8.000000000000000000e+01
8.500000000000000000e+01
8.400000000000000000e+01
8.300000000000000000e+01
8.900000000000000000e+01
9.000000000000000000e+01
8.600000000000000000e+01
8.600000000000000000e+01
8.900000000000000000e+01
8.700000000000000000e+01
9.400000000000000000e+01
8.900000000000000000e+01
8.900000000000000000e+01
8.500000000000000000e+01
8.100000000000000000e+01
8.200000000000000000e+01
7.800000000000000000e+01
8.200000000000000000e+01
8.000000000000000000e+01
7.900000000000000000e+01
7.400000000000000000e+01
7.400000000000000000e+01
7.600000000000000000e+01
7.000000000000000000e+01
7.200000000000000000e+01
7.300000000000000000e+01
7.100000000000000000e+01
6.700000000000000000e+01
6.700000000000000000e+01
6.700000000000000000e+01
5.900000000000000000e+01
6.800000000000000000e+01
5.200000000000000000e+01
5.500000000000000000e+01
5.700000000000000000e+01
5.400000000000000000e+01
5.700000000000000000e+01
5.900000000000000000e+01
6.200000000000000000e+01
5.700000000000000000e+01
6.000000000000000000e+01
6.400000000000000000e+01
6.600000000000000000e+01
6.700000000000000000e+01
6.500000000000000000e+01
6.900000000000000000e+01
6.600000000000000000e+01
6.900000000000000000e+01
7.300000000000000000e+01
7.200000000000000000e+01
7.000000000000000000e+01
7.100000000000000000e+01
7.000000000000000000e+01
6.500000000000000000e+01
6.500000000000000000e+01
6.400000000000000000e+01
6.400000000000000000e+01
6.100000000000000000e+01
6.200000000000000000e+01
5.800000000000000000e+01
5.600000000000000000e+01
5.500000000000000000e+01
5.100000000000000000e+01
5.100000000000000000e+01
5.000000000000000000e+01
4.800000000000000000e+01
4.800000000000000000e+01
5.000000000000000000e+01
4.600000000000000000e+01
4.800000000000000000e+01
4.800000000000000000e+01
4.600000000000000000e+01
4.000000000000000000e+01
4.100000000000000000e+01
4.100000000000000000e+01
4.100000000000000000e+01
4.100000000000000000e+01
4.300000000000000000e+01
4.400000000000000000e+01
4.400000000000000000e+01
4.500000000000000000e+01
4.500000000000000000e+01
4.600000000000000000e+01
4.700000000000000000e+01
4.800000000000000000e+01
4.900000000000000000e+01
5.000000000000000000e+01
5.100000000000000000e+01
5.100000000000000000e+01
5.300000000000000000e+01
5.400000000000000000e+01
5.600000000000000000e+01
6.000000000000000000e+01
5.900000000000000000e+01
5.700000000000000000e+01
5.500000000000000000e+01
5.400000000000000000e+01
5.200000000000000000e+01
5.100000000000000000e+01
5.000000000000000000e+01
4.900000000000000000e+01
4.800000000000000000e+01
4.700000000000000000e+01
4.600000000000000000e+01
4.500000000000000000e+01
4.400000000000000000e+01
4.300000000000000000e+01
4.200000000000000000e+01
4.100000000000000000e+01
4.100000000000000000e+01
3.900000000000000000e+01
3.600000000000000000e+01
3.600000000000000000e+01
3.800000000000000000e+01
4.100000000000000000e+01
4.100000000000000000e+01
4.200000000000000000e+01
4.300000000000000000e+01
4.300000000000000000e+01
4.400000000000000000e+01
4.500000000000000000e+01
4.600000000000000000e+01
4.700000000000000000e+01
4.800000000000000000e+01
4.800000000000000000e+01
4.900000000000000000e+01
5.000000000000000000e+01
5.100000000000000000e+01
5.200000000000000000e+01
5.200000000000000000e+01
5.400000000000000000e+01
5.600000000000000000e+01
5.900000000000000000e+01
5.900000000000000000e+01
5.700000000000000000e+01
5.500000000000000000e+01
5.400000000000000000e+01
5.200000000000000000e+01
5.100000000000000000e+01
5.000000000000000000e+01
4.900000000000000000e+01
4.800000000000000000e+01
4.700000000000000000e+01
4.600000000000000000e+01
4.500000000000000000e+01
4.400000000000000000e+01
4.300000000000000000e+01
4.200000000000000000e+01
4.100000000000000000e+01
4.100000000000000000e+01
4.000000000000000000e+01
3.600000000000000000e+01
3.600000000000000000e+01
4.000000000000000000e+01
4.100000000000000000e+01
4.200000000000000000e+01
4.200000000000000000e+01
4.300000000000000000e+01
4.300000000000000000e+01
4.400000000000000000e+01
4.500000000000000000e+01
4.600000000000000000e+01
4.700000000000000000e+01
4.800000000000000000e+01
4.900000000000000000e+01
4.900000000000000000e+01
5.000000000000000000e+01
5.100000000000000000e+01
5.200000000000000000e+01
5.300000000000000000e+01
5.400000000000000000e+01
5.500000000000000000e+01
6.000000000000000000e+01
5.900000000000000000e+01
5.700000000000000000e+01
5.500000000000000000e+01
5.400000000000000000e+01
5.200000000000000000e+01
5.100000000000000000e+01
5.000000000000000000e+01
4.900000000000000000e+01
4.900000000000000000e+01
4.700000000000000000e+01
4.600000000000000000e+01
4.500000000000000000e+01
4.500000000000000000e+01
4.300000000000000000e+01
4.200000000000000000e+01
4.200000000000000000e+01
4.100000000000000000e+01
4.000000000000000000e+01
3.700000000000000000e+01
3.800000000000000000e+01
4.000000000000000000e+01
4.100000000000000000e+01
4.200000000000000000e+01
4.200000000000000000e+01
4.300000000000000000e+01
4.400000000000000000e+01
4.500000000000000000e+01
4.600000000000000000e+01
4.600000000000000000e+01
4.700000000000000000e+01
4.800000000000000000e+01
4.900000000000000000e+01
4.900000000000000000e+01
5.000000000000000000e+01
5.100000000000000000e+01
5.200000000000000000e+01
5.300000000000000000e+01
5.400000000000000000e+01
5.500000000000000000e+01
6.000000000000000000e+01
5.900000000000000000e+01
5.800000000000000000e+01
5.600000000000000000e+01
5.400000000000000000e+01
5.300000000000000000e+01
5.100000000000000000e+01
5.000000000000000000e+01
4.900000000000000000e+01
4.800000000000000000e+01
4.800000000000000000e+01
4.700000000000000000e+01
4.600000000000000000e+01
4.500000000000000000e+01
4.400000000000000000e+01
4.200000000000000000e+01
4.200000000000000000e+01
4.100000000000000000e+01
4.000000000000000000e+01
3.800000000000000000e+01
3.800000000000000000e+01
4.000000000000000000e+01
4.100000000000000000e+01
4.200000000000000000e+01
4.200000000000000000e+01
4.300000000000000000e+01
4.400000000000000000e+01
4.500000000000000000e+01
4.600000000000000000e+01
4.700000000000000000e+01
4.700000000000000000e+01
4.800000000000000000e+01
4.900000000000000000e+01
5.000000000000000000e+01
5.100000000000000000e+01
5.200000000000000000e+01
5.200000000000000000e+01
5.300000000000000000e+01
5.500000000000000000e+01
5.600000000000000000e+01
6.100000000000000000e+01
5.900000000000000000e+01
5.800000000000000000e+01
5.700000000000000000e+01
5.500000000000000000e+01
5.300000000000000000e+01
5.200000000000000000e+01
5.100000000000000000e+01
5.000000000000000000e+01
4.900000000000000000e+01
4.800000000000000000e+01
4.700000000000000000e+01
4.600000000000000000e+01
4.500000000000000000e+01
4.400000000000000000e+01
4.300000000000000000e+01
4.200000000000000000e+01
4.200000000000000000e+01
4.100000000000000000e+01
3.800000000000000000e+01
3.800000000000000000e+01
4.000000000000000000e+01
4.200000000000000000e+01
4.200000000000000000e+01
4.200000000000000000e+01
4.300000000000000000e+01
4.400000000000000000e+01
4.500000000000000000e+01
4.600000000000000000e+01
4.700000000000000000e+01
4.700000000000000000e+01
4.800000000000000000e+01
4.900000000000000000e+01
5.000000000000000000e+01
5.100000000000000000e+01
5.200000000000000000e+01
5.300000000000000000e+01
5.400000000000000000e+01
5.600000000000000000e+01
5.700000000000000000e+01
6.100000000000000000e+01
5.900000000000000000e+01
5.900000000000000000e+01
5.600000000000000000e+01
5.500000000000000000e+01
5.400000000000000000e+01
5.300000000000000000e+01
5.200000000000000000e+01
5.000000000000000000e+01
4.900000000000000000e+01
4.800000000000000000e+01
4.700000000000000000e+01
4.600000000000000000e+01
4.500000000000000000e+01
4.400000000000000000e+01
4.300000000000000000e+01
4.200000000000000000e+01
4.200000000000000000e+01
4.100000000000000000e+01
3.900000000000000000e+01
3.900000000000000000e+01
4.000000000000000000e+01
4.200000000000000000e+01
4.200000000000000000e+01
4.300000000000000000e+01
4.300000000000000000e+01
4.500000000000000000e+01
4.500000000000000000e+01
4.700000000000000000e+01
4.700000000000000000e+01
4.800000000000000000e+01
4.900000000000000000e+01
5.000000000000000000e+01
5.100000000000000000e+01
5.200000000000000000e+01
5.300000000000000000e+01
5.400000000000000000e+01
5.500000000000000000e+01
5.600000000000000000e+01
5.700000000000000000e+01
6.100000000000000000e+01
6.000000000000000000e+01
5.900000000000000000e+01
5.700000000000000000e+01
5.600000000000000000e+01
5.500000000000000000e+01
5.300000000000000000e+01
5.200000000000000000e+01
5.100000000000000000e+01
5.000000000000000000e+01
4.900000000000000000e+01
4.800000000000000000e+01
4.600000000000000000e+01
4.500000000000000000e+01
4.400000000000000000e+01
4.300000000000000000e+01
4.200000000000000000e+01
4.200000000000000000e+01
4.100000000000000000e+01
3.800000000000000000e+01
7.000000000000000000e+00
1.200000000000000000e+01
1.800000000000000000e+01
2.300000000000000000e+01
2.700000000000000000e+01
3.600000000000000000e+01
4.800000000000000000e+01
5.700000000000000000e+01
6.600000000000000000e+01
8.200000000000000000e+01
9.200000000000000000e+01
1.070000000000000000e+02
1.150000000000000000e+02
1.270000000000000000e+02
1.370000000000000000e+02
1.500000000000000000e+02
1.610000000000000000e+02
1.680000000000000000e+02
1.800000000000000000e+02
1.900000000000000000e+02
2.120000000000000000e+02
2.120000000000000000e+02
2.060000000000000000e+02
1.910000000000000000e+02
1.760000000000000000e+02
1.680000000000000000e+02
1.540000000000000000e+02
1.440000000000000000e+02
1.320000000000000000e+02
1.190000000000000000e+02
1.010000000000000000e+02
9.200000000000000000e+01
8.500000000000000000e+01
6.600000000000000000e+01
5.400000000000000000e+01
4.100000000000000000e+01
3.400000000000000000e+01
2.000000000000000000e+01
1.400000000000000000e+01
6.000000000000000000e+00
4.000000000000000000e+00
1.000000000000000000e+01
1.800000000000000000e+01
2.300000000000000000e+01
2.800000000000000000e+01
3.300000000000000000e+01
4.000000000000000000e+01
5.100000000000000000e+01
6.500000000000000000e+01
7.500000000000000000e+01
8.800000000000000000e+01
1.030000000000000000e+02
1.140000000000000000e+02
1.250000000000000000e+02
1.360000000000000000e+02
1.460000000000000000e+02
1.560000000000000000e+02
1.700000000000000000e+02
1.810000000000000000e+02
1.920000000000000000e+02
2.120000000000000000e+02
2.120000000000000000e+02
2.020000000000000000e+02
1.940000000000000000e+02
1.820000000000000000e+02
1.660000000000000000e+02
1.510000000000000000e+02
1.390000000000000000e+02
1.310000000000000000e+02
1.170000000000000000e+02
1.030000000000000000e+02
8.900000000000000000e+01
7.400000000000000000e+01
6.500000000000000000e+01
4.700000000000000000e+01
3.500000000000000000e+01
2.900000000000000000e+01
1.900000000000000000e+01
1.400000000000000000e+01
6.000000000000000000e+00
5.000000000000000000e+00
1.100000000000000000e+01
1.400000000000000000e+01
2.300000000000000000e+01
2.900000000000000000e+01
3.800000000000000000e+01
4.300000000000000000e+01
5.400000000000000000e+01
6.800000000000000000e+01
7.800000000000000000e+01
9.200000000000000000e+01
1.070000000000000000e+02
1.150000000000000000e+02
1.230000000000000000e+02
1.350000000000000000e+02
1.470000000000000000e+02
1.560000000000000000e+02
1.670000000000000000e+02
1.780000000000000000e+02
1.910000000000000000e+02
2.140000000000000000e+02
2.100000000000000000e+02
2.030000000000000000e+02
1.920000000000000000e+02
1.800000000000000000e+02
1.700000000000000000e+02
1.550000000000000000e+02
1.440000000000000000e+02
1.330000000000000000e+02
1.210000000000000000e+02
1.020000000000000000e+02
8.600000000000000000e+01
7.500000000000000000e+01
6.500000000000000000e+01
5.300000000000000000e+01
3.700000000000000000e+01
2.800000000000000000e+01
2.100000000000000000e+01
1.400000000000000000e+01
7.000000000000000000e+00
5.000000000000000000e+00
9.000000000000000000e+00
1.400000000000000000e+01
2.100000000000000000e+01
2.900000000000000000e+01
3.800000000000000000e+01
4.600000000000000000e+01
5.700000000000000000e+01
7.100000000000000000e+01
8.100000000000000000e+01
8.200000000000000000e+01
9.300000000000000000e+01
1.140000000000000000e+02
1.290000000000000000e+02
1.350000000000000000e+02
1.480000000000000000e+02
1.610000000000000000e+02
1.680000000000000000e+02
1.740000000000000000e+02
1.840000000000000000e+02
2.060000000000000000e+02
2.140000000000000000e+02
2.070000000000000000e+02
1.980000000000000000e+02
1.870000000000000000e+02
1.740000000000000000e+02
1.660000000000000000e+02
1.430000000000000000e+02
1.290000000000000000e+02
1.190000000000000000e+02
1.040000000000000000e+02
9.600000000000000000e+01
8.300000000000000000e+01
7.000000000000000000e+01
6.600000000000000000e+01
5.600000000000000000e+01
3.300000000000000000e+01
3.000000000000000000e+01
2.300000000000000000e+01
1.100000000000000000e+01
8.000000000000000000e+00
1.000000000000000000e+01
1.300000000000000000e+01
1.700000000000000000e+01
2.800000000000000000e+01
2.900000000000000000e+01
3.500000000000000000e+01
5.000000000000000000e+01
7.500000000000000000e+01
8.200000000000000000e+01
1.000000000000000000e+02
1.120000000000000000e+02
1.230000000000000000e+02
1.320000000000000000e+02
1.400000000000000000e+02
1.550000000000000000e+02
1.620000000000000000e+02
1.750000000000000000e+02
1.810000000000000000e+02
1.940000000000000000e+02
2.150000000000000000e+02
2.090000000000000000e+02
2.050000000000000000e+02
1.940000000000000000e+02
1.780000000000000000e+02
1.670000000000000000e+02
1.560000000000000000e+02
1.460000000000000000e+02
1.280000000000000000e+02
1.180000000000000000e+02
1.030000000000000000e+02
8.800000000000000000e+01
7.800000000000000000e+01
6.400000000000000000e+01
4.800000000000000000e+01
3.800000000000000000e+01
2.600000000000000000e+01
2.000000000000000000e+01
1.200000000000000000e+01
6.000000000000000000e+00
5.000000000000000000e+00
1.200000000000000000e+01
1.800000000000000000e+01
2.700000000000000000e+01
3.300000000000000000e+01
3.900000000000000000e+01
5.200000000000000000e+01
5.900000000000000000e+01
7.300000000000000000e+01
8.800000000000000000e+01
9.500000000000000000e+01
1.060000000000000000e+02
1.220000000000000000e+02
1.310000000000000000e+02
1.400000000000000000e+02
1.550000000000000000e+02
1.620000000000000000e+02
1.760000000000000000e+02
1.880000000000000000e+02
1.990000000000000000e+02
2.190000000000000000e+02
2.110000000000000000e+02
2.030000000000000000e+02
1.960000000000000000e+02
1.790000000000000000e+02
1.690000000000000000e+02
1.560000000000000000e+02
1.430000000000000000e+02
1.310000000000000000e+02
1.180000000000000000e+02
1.030000000000000000e+02
9.100000000000000000e+01
7.900000000000000000e+01
6.000000000000000000e+01
5.200000000000000000e+01
3.600000000000000000e+01
2.900000000000000000e+01
2.100000000000000000e+01
1.300000000000000000e+01
5.000000000000000000e+00
8.000000000000000000e+00
1.200000000000000000e+01
1.900000000000000000e+01
2.800000000000000000e+01
3.200000000000000000e+01
3.900000000000000000e+01
4.900000000000000000e+01
6.400000000000000000e+01
7.400000000000000000e+01
9.100000000000000000e+01
9.700000000000000000e+01
1.140000000000000000e+02
1.200000000000000000e+02
1.370000000000000000e+02
1.450000000000000000e+02
1.530000000000000000e+02
1.650000000000000000e+02
1.780000000000000000e+02
1.890000000000000000e+02
1.950000000000000000e+02
2.190000000000000000e+02
2.110000000000000000e+02
2.070000000000000000e+02
1.970000000000000000e+02
1.820000000000000000e+02
1.700000000000000000e+02
1.560000000000000000e+02
1.440000000000000000e+02
1.340000000000000000e+02
1.230000000000000000e+02
1.090000000000000000e+02
9.600000000000000000e+01
8.300000000000000000e+01
6.100000000000000000e+01
4.600000000000000000e+01
3.500000000000000000e+01
3.000000000000000000e+01
2.200000000000000000e+01
1.400000000000000000e+01
7.000000000000000000e+00
7.000000000000000000e+00
1.600000000000000000e+01
2.200000000000000000e+01
2.800000000000000000e+01
3.300000000000000000e+01
3.900000000000000000e+01
4.900000000000000000e+01
6.400000000000000000e+01
7.700000000000000000e+01
8.700000000000000000e+01
1.060000000000000000e+02
1.160000000000000000e+02
1.240000000000000000e+02
1.390000000000000000e+02
1.480000000000000000e+02
1.580000000000000000e+02
1.690000000000000000e+02
1.780000000000000000e+02
1.890000000000000000e+02
1.990000000000000000e+02
2.170000000000000000e+02
2.140000000000000000e+02
2.070000000000000000e+02
1.990000000000000000e+02
1.840000000000000000e+02
1.750000000000000000e+02
1.620000000000000000e+02
1.450000000000000000e+02
1.380000000000000000e+02
1.200000000000000000e+02
1.100000000000000000e+02
9.300000000000000000e+01
8.100000000000000000e+01
7.100000000000000000e+01
5.200000000000000000e+01
3.800000000000000000e+01
3.000000000000000000e+01
2.500000000000000000e+01
1.800000000000000000e+01
1.200000000000000000e+01
9.000000000000000000e+00
1.800000000000000000e+01
2.400000000000000000e+01
3.000000000000000000e+01
3.400000000000000000e+01
4.600000000000000000e+01
5.300000000000000000e+01
7.100000000000000000e+01
7.700000000000000000e+01
9.000000000000000000e+01
1.060000000000000000e+02
1.150000000000000000e+02
1.260000000000000000e+02
1.370000000000000000e+02
1.510000000000000000e+02
1.610000000000000000e+02
1.680000000000000000e+02
1.800000000000000000e+02
1.900000000000000000e+02
2.030000000000000000e+02
2.200000000000000000e+02
2.140000000000000000e+02
2.090000000000000000e+02
2.020000000000000000e+02
1.870000000000000000e+02
1.740000000000000000e+02
1.640000000000000000e+02
1.500000000000000000e+02
1.390000000000000000e+02
1.230000000000000000e+02
1.090000000000000000e+02
1.020000000000000000e+02
8.300000000000000000e+01
6.600000000000000000e+01
5.600000000000000000e+01
4.100000000000000000e+01
3.500000000000000000e+01
2.500000000000000000e+01
2.000000000000000000e+01
1.300000000000000000e+01
1.400000000000000000e+01
1.900000000000000000e+01
2.600000000000000000e+01
2.900000000000000000e+01
3.600000000000000000e+01
4.800000000000000000e+01
6.100000000000000000e+01
6.900000000000000000e+01
8.100000000000000000e+01
9.300000000000000000e+01
1.090000000000000000e+02
1.210000000000000000e+02
1.290000000000000000e+02
1.410000000000000000e+02
1.510000000000000000e+02
1.630000000000000000e+02
1.730000000000000000e+02
1.880000000000000000e+02
1.940000000000000000e+02
2.030000000000000000e+02
2.200000000000000000e+02
2.150000000000000000e+02
2.090000000000000000e+02
2.020000000000000000e+02
1.940000000000000000e+02
1.770000000000000000e+02
1.650000000000000000e+02
1.540000000000000000e+02
1.430000000000000000e+02
1.250000000000000000e+02
1.140000000000000000e+02
1.030000000000000000e+02
8.300000000000000000e+01
6.900000000000000000e+01
5.800000000000000000e+01
4.500000000000000000e+01
3.500000000000000000e+01
2.700000000000000000e+01
1.900000000000000000e+01
1.200000000000000000e+01
1.500000000000000000e+01
2.100000000000000000e+01
2.800000000000000000e+01
3.500000000000000000e+01
3.900000000000000000e+01
4.600000000000000000e+01
6.300000000000000000e+01
7.300000000000000000e+01
8.700000000000000000e+01
1.010000000000000000e+02
1.080000000000000000e+02
1.260000000000000000e+02
1.350000000000000000e+02
1.460000000000000000e+02
1.580000000000000000e+02
1.640000000000000000e+02
1.750000000000000000e+02
1.910000000000000000e+02
1.980000000000000000e+02
2.060000000000000000e+02
2.220000000000000000e+02
2.180000000000000000e+02
2.110000000000000000e+02
2.020000000000000000e+02
1.960000000000000000e+02
1.820000000000000000e+02
1.690000000000000000e+02
1.560000000000000000e+02
1.410000000000000000e+02
1.290000000000000000e+02
1.180000000000000000e+02
1.050000000000000000e+02
9.400000000000000000e+01
7.800000000000000000e+01
5.900000000000000000e+01
4.500000000000000000e+01
4.100000000000000000e+01
3.200000000000000000e+01
2.300000000000000000e+01
1.400000000000000000e+01
1.800000000000000000e+01
2.400000000000000000e+01
3.100000000000000000e+01
3.800000000000000000e+01
4.200000000000000000e+01
5.400000000000000000e+01
6.600000000000000000e+01
8.100000000000000000e+01
9.200000000000000000e+01
9.900000000000000000e+01
1.130000000000000000e+02
1.290000000000000000e+02
1.360000000000000000e+02
1.450000000000000000e+02
1.590000000000000000e+02
1.730000000000000000e+02
1.840000000000000000e+02
1.920000000000000000e+02
1.990000000000000000e+02
2.070000000000000000e+02
2.230000000000000000e+02
2.170000000000000000e+02
2.130000000000000000e+02
2.040000000000000000e+02
2.000000000000000000e+02
1.870000000000000000e+02
1.770000000000000000e+02
1.590000000000000000e+02
1.470000000000000000e+02
1.390000000000000000e+02
1.250000000000000000e+02
1.070000000000000000e+02
9.400000000000000000e+01
8.200000000000000000e+01
6.100000000000000000e+01
5.000000000000000000e+01
4.200000000000000000e+01
3.200000000000000000e+01
2.700000000000000000e+01
1.700000000000000000e+01
1.900000000000000000e+01
2.700000000000000000e+01
3.200000000000000000e+01
4.000000000000000000e+01
4.800000000000000000e+01
6.000000000000000000e+01
7.300000000000000000e+01
8.200000000000000000e+01
9.600000000000000000e+01
1.070000000000000000e+02
1.180000000000000000e+02
1.320000000000000000e+02
1.440000000000000000e+02
1.550000000000000000e+02
1.670000000000000000e+02
1.780000000000000000e+02
1.880000000000000000e+02
1.960000000000000000e+02
2.030000000000000000e+02
2.100000000000000000e+02
2.250000000000000000e+02
2.200000000000000000e+02
2.140000000000000000e+02
2.070000000000000000e+02
1.990000000000000000e+02
1.930000000000000000e+02
1.770000000000000000e+02
1.670000000000000000e+02
1.570000000000000000e+02
1.390000000000000000e+02
1.300000000000000000e+02
1.120000000000000000e+02
9.700000000000000000e+01
8.700000000000000000e+01
7.000000000000000000e+01
5.800000000000000000e+01
4.700000000000000000e+01
3.600000000000000000e+01
3.200000000000000000e+01
2.400000000000000000e+01
2.600000000000000000e+01
3.300000000000000000e+01
4.000000000000000000e+01
4.700000000000000000e+01
5.200000000000000000e+01
6.100000000000000000e+01
7.400000000000000000e+01
8.500000000000000000e+01
1.020000000000000000e+02
1.100000000000000000e+02
1.210000000000000000e+02
1.370000000000000000e+02
1.440000000000000000e+02
1.570000000000000000e+02
1.720000000000000000e+02
1.780000000000000000e+02
1.890000000000000000e+02
1.970000000000000000e+02
2.040000000000000000e+02
2.110000000000000000e+02
2.240000000000000000e+02
2.200000000000000000e+02
2.140000000000000000e+02
2.090000000000000000e+02
2.020000000000000000e+02
1.940000000000000000e+02
1.850000000000000000e+02
1.690000000000000000e+02
1.540000000000000000e+02
1.420000000000000000e+02
1.320000000000000000e+02
1.140000000000000000e+02
1.020000000000000000e+02
9.300000000000000000e+01
7.600000000000000000e+01
5.700000000000000000e+01
4.800000000000000000e+01
4.300000000000000000e+01
3.200000000000000000e+01
2.500000000000000000e+01
2.600000000000000000e+01
3.100000000000000000e+01
3.900000000000000000e+01
4.600000000000000000e+01
5.100000000000000000e+01
6.600000000000000000e+01
7.800000000000000000e+01
8.700000000000000000e+01
9.900000000000000000e+01
1.110000000000000000e+02
1.250000000000000000e+02
1.380000000000000000e+02
1.450000000000000000e+02
1.590000000000000000e+02
1.710000000000000000e+02
1.790000000000000000e+02
1.920000000000000000e+02
1.960000000000000000e+02
2.050000000000000000e+02
2.100000000000000000e+02
2.230000000000000000e+02
2.200000000000000000e+02
2.150000000000000000e+02
2.090000000000000000e+02
2.030000000000000000e+02
1.960000000000000000e+02
1.860000000000000000e+02
1.670000000000000000e+02
1.590000000000000000e+02
1.420000000000000000e+02
1.330000000000000000e+02
1.180000000000000000e+02
1.060000000000000000e+02
8.800000000000000000e+01
7.600000000000000000e+01
6.000000000000000000e+01
5.000000000000000000e+01
4.000000000000000000e+01
3.400000000000000000e+01
2.500000000000000000e+01
2.500000000000000000e+01
3.400000000000000000e+01
4.100000000000000000e+01
4.500000000000000000e+01
5.500000000000000000e+01
6.400000000000000000e+01
7.500000000000000000e+01
9.000000000000000000e+01
1.010000000000000000e+02
1.120000000000000000e+02
1.270000000000000000e+02
1.370000000000000000e+02
1.500000000000000000e+02
1.580000000000000000e+02
1.660000000000000000e+02
1.770000000000000000e+02
1.900000000000000000e+02
1.980000000000000000e+02
2.030000000000000000e+02
2.080000000000000000e+02
2.240000000000000000e+02
2.210000000000000000e+02
2.150000000000000000e+02
2.080000000000000000e+02
1.990000000000000000e+02
1.920000000000000000e+02
1.800000000000000000e+02
1.690000000000000000e+02
1.610000000000000000e+02
1.480000000000000000e+02
1.330000000000000000e+02
1.150000000000000000e+02
1.010000000000000000e+02
9.400000000000000000e+01
7.600000000000000000e+01
6.300000000000000000e+01
4.900000000000000000e+01
4.000000000000000000e+01
3.600000000000000000e+01
2.700000000000000000e+01
2.900000000000000000e+01
3.300000000000000000e+01
3.900000000000000000e+01
4.500000000000000000e+01
5.200000000000000000e+01
6.900000000000000000e+01
7.600000000000000000e+01
9.200000000000000000e+01
1.050000000000000000e+02
1.160000000000000000e+02
1.240000000000000000e+02
1.380000000000000000e+02
1.500000000000000000e+02
1.580000000000000000e+02
1.720000000000000000e+02
1.810000000000000000e+02
1.920000000000000000e+02
1.990000000000000000e+02
2.020000000000000000e+02
2.090000000000000000e+02
2.240000000000000000e+02
2.200000000000000000e+02
2.140000000000000000e+02
2.080000000000000000e+02
2.010000000000000000e+02
1.920000000000000000e+02
1.810000000000000000e+02
1.720000000000000000e+02
1.600000000000000000e+02
1.420000000000000000e+02
1.350000000000000000e+02
1.190000000000000000e+02
1.040000000000000000e+02
9.200000000000000000e+01
8.100000000000000000e+01
6.000000000000000000e+01
4.900000000000000000e+01
4.300000000000000000e+01
3.300000000000000000e+01
2.800000000000000000e+01
2.900000000000000000e+01
3.400000000000000000e+01
3.900000000000000000e+01
4.700000000000000000e+01
5.600000000000000000e+01
6.600000000000000000e+01
7.700000000000000000e+01
9.100000000000000000e+01
1.030000000000000000e+02
1.170000000000000000e+02
1.230000000000000000e+02
1.370000000000000000e+02
1.460000000000000000e+02
1.600000000000000000e+02
1.730000000000000000e+02
1.820000000000000000e+02
1.910000000000000000e+02
1.970000000000000000e+02
2.050000000000000000e+02
2.100000000000000000e+02
2.250000000000000000e+02
2.190000000000000000e+02
2.140000000000000000e+02
2.080000000000000000e+02
2.010000000000000000e+02
1.910000000000000000e+02
1.820000000000000000e+02
1.720000000000000000e+02
1.610000000000000000e+02
1.430000000000000000e+02
1.300000000000000000e+02
1.230000000000000000e+02
1.070000000000000000e+02
9.500000000000000000e+01
7.400000000000000000e+01
6.000000000000000000e+01
5.300000000000000000e+01
4.400000000000000000e+01
3.700000000000000000e+01
2.800000000000000000e+01
2.800000000000000000e+01
3.400000000000000000e+01
4.000000000000000000e+01
5.000000000000000000e+01
5.500000000000000000e+01
6.600000000000000000e+01
7.800000000000000000e+01
9.400000000000000000e+01
1.010000000000000000e+02
1.140000000000000000e+02
1.240000000000000000e+02
1.350000000000000000e+02
1.470000000000000000e+02
1.560000000000000000e+02
1.730000000000000000e+02
1.780000000000000000e+02
1.930000000000000000e+02
1.960000000000000000e+02
2.050000000000000000e+02
2.100000000000000000e+02
2.230000000000000000e+02
2.170000000000000000e+02
2.130000000000000000e+02
2.060000000000000000e+02
2.010000000000000000e+02
1.930000000000000000e+02
1.820000000000000000e+02
1.730000000000000000e+02
1.560000000000000000e+02
1.430000000000000000e+02
1.320000000000000000e+02
1.180000000000000000e+02
1.060000000000000000e+02
9.300000000000000000e+01
8.100000000000000000e+01
6.900000000000000000e+01
5.300000000000000000e+01
4.400000000000000000e+01
3.700000000000000000e+01
3.000000000000000000e+01
3.000000000000000000e+01
3.400000000000000000e+01
4.200000000000000000e+01
4.700000000000000000e+01
5.600000000000000000e+01
6.700000000000000000e+01
8.300000000000000000e+01
9.400000000000000000e+01
1.060000000000000000e+02
1.170000000000000000e+02
1.250000000000000000e+02
1.360000000000000000e+02
1.500000000000000000e+02
1.570000000000000000e+02
1.700000000000000000e+02
1.820000000000000000e+02
1.920000000000000000e+02
1.970000000000000000e+02
2.040000000000000000e+02
2.090000000000000000e+02
2.220000000000000000e+02
2.180000000000000000e+02
2.140000000000000000e+02
2.070000000000000000e+02
2.000000000000000000e+02
1.950000000000000000e+02
1.850000000000000000e+02
1.720000000000000000e+02
1.590000000000000000e+02
1.430000000000000000e+02
1.320000000000000000e+02
1.210000000000000000e+02
1.040000000000000000e+02
9.700000000000000000e+01
7.900000000000000000e+01
6.300000000000000000e+01
5.400000000000000000e+01
4.300000000000000000e+01
3.500000000000000000e+01
2.800000000000000000e+01
-6.919617489706909597e-01
-6.633010419451564887e-01
-6.294499024227973027e-01
-6.008176660811798131e-01
-5.668432731591598328e-01
-5.451673462745184606e-01
-5.012173003084772205e-01
-4.762255693752199259e-01
-4.474346313323255275e-01
-4.063904481043378869e-01
-3.855518374779799418e-01
-3.434804526304258143e-01
-3.146903882356951176e-01
-2.877433831834894096e-01
-2.605566675181055780e-01
-2.224065793861931539e-01
-1.860588208071923544e-01
-1.686305398836609459e-01
-1.335569063401466361e-01
-1.024447001109928534e-01
-4.118988728968580454e-03
-2.957503472261922839e-02
-6.472044186251048326e-02
-1.143607610612545900e-01
-1.569243382231385597e-01
-1.762407819712732138e-01
-2.184958313472747937e-01
-2.589102641157615126e-01
-2.952888600600857560e-01
-3.231342217332951461e-01
-3.712204650875632894e-01
-4.008997758906128195e-01
-4.358072824869008155e-01
-4.816158861990262885e-01
-5.139263178880508764e-01
-5.435114178152571363e-01
-5.870510750038222536e-01
-6.303053421437099235e-01
-6.593444965189234619e-01
-7.013867037132400784e-01
-7.072508871444126433e-01
-6.626449742870837989e-01
-6.273370328006764307e-01
-6.038064399199302157e-01
-5.720302848336972223e-01
-5.406834622082379305e-01
-5.007137846416584992e-01
-4.801041167388617747e-01
-4.493964837558372394e-01
-4.118000988900870074e-01
-3.886990018968341509e-01
-3.566362390728371468e-01
-3.228959303833636163e-01
-2.946750864185217478e-01
-2.588967520677061263e-01
-2.339614291330692486e-01
-1.888348127658286690e-01
-1.548312243777408559e-01
-1.260077362534588463e-01
-9.977125957055724137e-02
-8.495986581507741775e-03
-3.117863150090901397e-02
-7.857360432921564608e-02
-1.123568395327185498e-01
-1.391231593918168252e-01
-1.923239943891045522e-01
-2.290768705030832020e-01
-2.639326766290605031e-01
-2.968293828622040054e-01
-3.304778665742924004e-01
-3.710668051286913349e-01
-4.117373950146011596e-01
-4.418017883430458981e-01
-4.734613689710453488e-01
-5.129515055811814106e-01
-5.546453367798274137e-01
-5.873856881398988872e-01
-6.293595458024959788e-01
-6.686109011917110712e-01
-7.032960913749906062e-01
-6.986047930686933860e-01
-6.643499998635677972e-01
-6.463662505974194783e-01
-5.971926848096759111e-01
-5.643299462496423891e-01
-5.326473338621651177e-01
-5.147057898552334088e-01
-4.887678801488746783e-01
-4.512956011224248387e-01
-4.251458860777503346e-01
-3.877689829341849359e-01
-3.510624205926876074e-01
-3.246267805245400817e-01
-2.981615692724057243e-01
-2.646258238504814453e-01
-2.320693187700573756e-01
-1.994375412816871418e-01
-1.666514490166302598e-01
-1.400084821625587894e-01
-9.981464798097416935e-02
4.636178630179586813e-03
-4.546245501802035488e-02
-7.313265904643205528e-02
-1.136780982364016535e-01
-1.474844387838765425e-01
-1.811580858963135476e-01
-2.209137076716899684e-01
-2.526443097495567058e-01
-2.864481578141955809e-01
-3.412077950206518495e-01
-3.716741826011243366e-01
-4.145182924089675369e-01
-4.459156341757197217e-01
-4.694567938772357119e-01
-5.077456395582248261e-01
-5.496232024779796888e-01
-5.845799355283073373e-01
-6.230533289133332042e-01
-6.624658081409356969e-01
-7.068618479263404364e-01
-7.017752379449476718e-01
-6.723260903199917982e-01
-6.467075442133852770e-01
-6.102105434527548278e-01
-5.687917822987452743e-01
-5.371840250464153810e-01
-5.080780458263337573e-01
-4.785163578844142673e-01
-4.379689849046187744e-01
-4.212874662999320785e-01
-3.928242786271489706e-01
-3.552315832755778557e-01
-3.130957258531490983e-01
-2.863534898446472021e-01
-2.620683250718890966e-01
-2.168109199460962477e-01
-1.917501843060872291e-01
-1.728896102752689734e-01
-1.353841952960839201e-01
-9.209109723050572238e-02
6.798462747606702147e-03
-3.561958122617469441e-02
-6.445423762541963031e-02
-1.099189597612531405e-01
-1.497517915796416077e-01
-1.940690873295778385e-01
-2.240346969116771281e-01
-2.639355874826916915e-01
-2.994561062305798327e-01
-3.309345147535636689e-01
-3.769356589746582498e-01
-4.005447876387034367e-01
-4.325540392346146623e-01
-4.698252461375948541e-01
-5.111901297763169483e-01
-5.602564871180912842e-01
-5.823379813676554662e-01
-6.307122828210918186e-01
-6.699168876005232587e-01
-6.977338584884662520e-01
-7.061252427648699870e-01
-6.647037547778653632e-01
-6.281396996065808924e-01
-6.112466464273039746e-01
-5.753255967474603105e-01
-5.369975032610753152e-01
-5.086914223509372279e-01
-4.726557202075503672e-01
-4.433758424318029467e-01
-4.250793064324754900e-01
-3.770109075671141396e-01
-3.445112064693098275e-01
-3.114856739090993143e-01
-2.838682755656747325e-01
-2.610498944964059209e-01
-2.180308146129455449e-01
-1.979582448497299030e-01
-1.582458266118651202e-01
-1.414142521950057518e-01
-1.026352633396276082e-01
-9.812925610385299716e-03
-4.457969703489068902e-02
-6.832322287385547699e-02
-1.059657436686286258e-01
-1.530611288142930404e-01
-1.855728367165607184e-01
-2.188657090492139856e-01
-2.485156920749112264e-01
-3.016431539656319605e-01
-3.290337201486825403e-01
-3.707498263586889720e-01
-4.099293877634353489e-01
-4.385472289530841228e-01
-4.726949892510134421e-01
-5.125760119141478111e-01
-5.454572164217933450e-01
-5.938797741597567903e-01
-6.318345088351764449e-01
-6.688768646506698667e-01
-7.020532207638535693e-01
-7.064625358167471170e-01
-6.682217754829771206e-01
-6.383099299157833917e-01
-5.952724568380181047e-01
-5.664327613306723297e-01
-5.423846841295417720e-01
-5.039573094539654408e-01
-4.860734720699945721e-01
-4.505752472209589854e-01
-4.146671158835643634e-01
-3.920378394253226650e-01
-3.624134027354664056e-01
-3.171835903546401103e-01
-2.945970421582708720e-01
-2.669902151650721533e-01
-2.229689373578983003e-01
-2.019175493788561981e-01
-1.623762712356386639e-01
-1.250695048798376730e-01
-9.231014468493556335e-02
7.560187210258877480e-03
-4.117494834026315387e-02
-8.031517089090725592e-02
-1.055911240800987416e-01
-1.555743555099200481e-01
-1.832829116995209895e-01
-2.219076994219656429e-01
-2.640499318166321108e-01
-2.979117483356598650e-01
-3.336046425518345293e-01
-3.745761131207079875e-01
-4.073918730459811788e-01
-4.382518390745283043e-01
-4.858281921928238045e-01
-5.066915447909988712e-01
-5.569161846245954672e-01
-5.868959312515700244e-01
-6.294124527563050853e-01
-6.696667772630651161e-01
-7.094110990432240804e-01
-6.973289801634664498e-01
-6.779439223016203719e-01
-6.402045484585141555e-01
-5.952819849841328725e-01
-5.770073858481170603e-01
-5.453613668049986929e-01
-5.150933658497315326e-01
-4.794812995063648109e-01
-4.527574203020209853e-01
-4.098616766338150086e-01
-3.931255344479514524e-01
-3.454984062287926871e-01
-3.305198142318548360e-01
-2.811114899908120357e-01
-2.595514346596927702e-01
-2.317312772744841154e-01
-1.969587348279430716e-01
-1.594613883893369333e-01
-1.249848294194222109e-01
-1.099732260896671421e-01
6.026735530594596116e-03
-4.243188177542771972e-02
-6.535200227379553417e-02
-1.078994806005227070e-01
-1.503229105044933955e-01
-1.891750701597644246e-01
-2.261272025146200682e-01
-2.639954512333659298e-01
-2.951996120468016183e-01
-3.255509355143756389e-01
-3.639962461714087438e-01
-3.983471793904692082e-01
-4.325324266554764208e-01
-4.875695741299680419e-01
-5.253268123016260338e-01
-5.618449882317290145e-01
-5.864310353282313759e-01
-6.256775588944326616e-01
-6.701494348743173290e-01
-7.039244765234557999e-01
-7.094309886874028415e-01
-6.629714678568151554e-01
-6.292580866401374928e-01
-6.024478851908723342e-01
-5.770735207332785555e-01
-5.506892665725697800e-01
-5.181748252635761665e-01
-4.821651893701188185e-01
-4.494332629858718287e-01
-4.224312154712998590e-01
-3.746351768303622931e-01
-3.449162125321448280e-01
-3.228619990268867812e-01
-2.817740655173623932e-01
-2.546160118629637870e-01
-2.264446591577493062e-01
-1.903582120011406420e-01
-1.651536168362167378e-01
-1.345883542162802371e-01
-1.033605442512676303e-01
-9.767663934266503784e-03
-3.343859038244505200e-02
-6.895629175513763587e-02
-1.067432116142651849e-01
-1.534827899351584035e-01
-1.784798355244312795e-01
-2.146831031413022617e-01
-2.672996505752225915e-01
-2.871701957874550071e-01
-3.384499291173420632e-01
-3.651810109648380154e-01
-4.123085962837393370e-01
-4.416727603978462535e-01
-4.693685775261280391e-01
-5.151972584410112743e-01
-5.564037544948554626e-01
-5.977347107790985659e-01
-6.213494092105548150e-01
-6.540964834339184630e-01
-6.913943057063087760e-01
-7.083331976168467659e-01
-6.590206672022822509e-01
-6.306092497814380637e-01
-5.992989618482490455e-01
-5.775644408029045884e-01
-5.350194451909567883e-01
-5.154437209118782892e-01
-4.721165996873998849e-01
-4.552857591480091171e-01
-4.241180391744931999e-01
-3.796266300788429526e-01
-3.567360052057437780e-01
-3.260567798847104903e-01
-2.921297989640734283e-01
-2.566913636003406163e-01
-2.267538330932221402e-01
-2.037254230156026469e-01
-1.683965701951245231e-01
-1.387254875371225493e-01
-9.112570916659043507e-02
1.426338508669347180e-03
-4.005848057338250862e-02
-6.651760560407865563e-02
-1.027339326963545435e-01
-1.525931537313266195e-01
-1.910042503709382666e-01
-2.189418227308657094e-01
-2.609292751846198910e-01
-2.923320437545237627e-01
-3.366029897437559093e-01
-3.778278541822955860e-01
-3.962856295933891992e-01
-4.456579381861658362e-01
-4.861279281333339419e-01
-5.097472635530622131e-01
-5.529886468774973807e-01
-5.820266281609383086e-01
-6.300610863264700656e-01
-6.535823312889790238e-01
-6.920028631144538034e-01
-6.941478373382240497e-01
-6.631429460559462585e-01
-6.283605785188705051e-01
-6.145299183454162595e-01
-5.834531994933986887e-01
-5.354743378525876896e-01
-5.005377389337065663e-01
-4.823867141795203373e-01
-4.545420604631495998e-01
-4.229449370090814786e-01
-3.767674691969153944e-01
-3.471136982586084940e-01
-3.220505179740040247e-01
-2.903237338469984441e-01
-2.614720807864058805e-01
-2.302892419582703576e-01
-1.967887873904308749e-01
-1.536926919968015226e-01
-1.357672811606754626e-01
-9.851775834119555486e-02
-6.048498301861944537e-03
-3.635157345742173057e-02
-7.052766636397783673e-02
-1.080330901948756556e-01
-1.434591147852036508e-01
-1.920544990865966639e-01
-2.285097213869026755e-01
-2.593686417733545024e-01
-2.910730236601821175e-01
-3.409178144357701279e-01
-3.718445671768089156e-01
-4.001970945110079336e-01
-4.518453825012545000e-01
-4.864112689953627999e-01
-5.133329316840848922e-01
-5.497141543014940623e-01
-5.926204718220579037e-01
-6.322204153978016050e-01
-6.723252164457030888e-01
-7.043650091621896925e-01
-6.984390653997372134e-01
-6.646596115168310615e-01
-6.320337492001508739e-01
-5.963685725522716030e-01
-5.779657920889198497e-01
-5.501017058146555616e-01
-5.055774175790017644e-01
-4.798474582335710559e-01
-4.453371035909109432e-01
-4.100901299807790945e-01
-3.884534542444840199e-01
-3.440132910574444369e-01
-3.152364550333422999e-01
-2.843970419842306585e-01
-2.492691667321155213e-01
-2.354878523920502509e-01
-2.039526034485473205e-01
-1.537436536560606026e-01
-1.285484350465151415e-01
-9.120729153917736531e-02
3.134921133116393491e-03
-2.744725315572296709e-02
-7.137723234212894896e-02
-1.155636084231888711e-01
-1.432425552963331461e-01
-1.871883700440801768e-01
-2.265586340123256215e-01
-2.620847231257540377e-01
-3.047139541595371703e-01
-3.369797508542399234e-01
-3.683244773913097458e-01
-4.043271113483968837e-01
-4.343172046783927431e-01
-4.764191083318800590e-01
-5.224638509704347955e-01
-5.598257439976332961e-01
-5.806223534325363200e-01
-6.225942087748169707e-01
-6.659689369675860782e-01
-7.097521365123690140e-01
-6.936270797967932777e-01
-6.644122809807347929e-01
-6.295265903074077629e-01
-5.955791084806627556e-01
-5.785732506644954976e-01
-5.389300581141122093e-01
-5.104468736646528004e-01
-4.723055953487333980e-01
-4.444382813597296811e-01
-4.247190975990972062e-01
-3.893200069181202427e-01
-3.449917065847221687e-01
-3.243624165259600955e-01
-2.987010077514477557e-01
-2.619409276174564094e-01
-2.238661311818361532e-01
-1.898740043027677404e-01
-1.643833252648795318e-01
-1.330250784507902295e-01
-9.934571794317988147e-02
2.037423355816123105e-03
-4.074514811439747253e-02
-6.401768262044936486e-02
-1.162407827317639419e-01
-1.388168057272782252e-01
-1.837679076813634182e-01
-2.150788517724612492e-01
-2.671752236759517007e-01
-3.039503035126422947e-01
-3.242070653702724403e-01
-3.607503899843424455e-01
-4.106849312420622344e-01
-4.432651307295531473e-01
-4.730948292529183474e-01
-5.250046720265940658e-01
-5.529220992196766105e-01
-5.864724490029114001e-01
-6.334067148738826702e-01
-6.586544623069756632e-01
-7.036178788326212796e-01
-7.084301511522840267e-01
-6.656573211994089023e-01
-6.365160785248030750e-01
-6.021839944891327345e-01
-5.659251364346818969e-01
-5.332976477711732777e-01
-5.014645297451214567e-01
-4.804180960550191171e-01
-4.443097644499522936e-01
-4.128402346008585022e-01
-3.831704328306505536e-01
-3.465909075000155881e-01
-3.172870759235921212e-01
-2.839830505002831074e-01
-2.521257610725811671e-01
-2.212134561317939396e-01
-1.861273143287267839e-01
-1.592848269103765702e-01
-1.289231858443547207e-01
-9.060929463928192595e-02
7.300694500438137044e-03
-3.106130253283596876e-02
-6.912942097773666639e-02
-1.115910661831476941e-01
-1.515373714411391015e-01
-1.794150200002562479e-01
-2.281930971776890693e-01
-2.592387180166090821e-01
-2.878037381373599324e-01
-3.369287661937870326e-01
-3.628795535818545859e-01
-4.116717380039165985e-01
-4.505982390714070585e-01
-4.773878056907102096e-01
-5.178979125959739527e-01
-5.439308739484396416e-01
-5.906967758871427554e-01
-6.344057082491714183e-01
-6.546607048810001439e-01
-6.923230174192631647e-01
-6.910642499207745315e-01
-6.602769085532372850e-01
-6.276276306282065898e-01
-5.992140384430058031e-01
-5.745853129481730548e-01
-5.439873721002197460e-01
-5.120095518372571597e-01
-4.850836080678374018e-01
-4.406364976012407397e-01
-4.213036035441002358e-01
-3.924547595621368790e-01
-3.461715007864281657e-01
-3.283772483561892552e-01
-2.920605693038996753e-01
-2.498670717845561384e-01
-2.341507667288610095e-01
-1.996766728611299446e-01
-1.641449341281497887e-01
-1.321323287757207032e-01
-9.263703896231419155e-02
-7.528795607640127036e-03
-3.368391558023769994e-02
-7.229181469477892474e-02
-1.019640542747678874e-01
-1.430652491245177904e-01
-1.799045280629799626e-01
-2.145070025326351604e-01
-2.600431484830849072e-01
-3.003471995350484591e-01
-3.350110624650738389e-01
-3.618887401329539122e-01
-4.116737104107170975e-01
-4.443320526673591453e-01
-4.689805959863131979e-01
-5.120003940576824952e-01
-5.582951923969663444e-01
-5.935418174983412287e-01
-6.167833016962543935e-01
-6.729893983630964582e-01
-7.062109874302393564e-01
-6.998066887009672943e-01
-6.770923607675967126e-01
-6.373416487885884552e-01
-6.049929821406140329e-01
-5.785626101728541526e-01
-5.370225104431231022e-01
-5.067296624064289157e-01
-4.852534397977653069e-01
-4.518985211034008964e-01
-4.190231936291042292e-01
-3.807977727281811053e-01
-3.457045914716602164e-01
-3.260125588430716204e-01
-2.857322120640466423e-01
-2.520570623697253043e-01
-2.299444096222839351e-01
-1.911667375172476369e-01
-1.684602152440605738e-01
-1.238373510736635041e-01
-9.802817384509143750e-02
-9.135508735672625766e-03
-3.364856841068965265e-02
-6.425244261600450424e-02
-1.034809640399045744e-01
-1.397283612615828063e-01
-1.753181460524495805e-01
-2.116041117996157461e-01
-2.645902793457123869e-01
-2.879112806615823916e-01
-3.377318134249104875e-01
-3.611140174022149929e-01
-4.027172377291330929e-01
-4.353035302808075935e-01
-4.829011952288105869e-01
-5.151448804652762892e-01
-5.538181597184455018e-01
-5.869025314814859673e-01
-6.339013173216965225e-01
-6.618160740676297671e-01
-7.087440064082206614e-01
-7.068670027767753883e-01
-6.642517594605842346e-01
-6.291988971836660616e-01
-6.123548374697678209e-01
-5.656278668925449615e-01
-5.440455577708690482e-01
-5.156237825479578207e-01
-4.780101678040262203e-01
-4.498552866196954825e-01
-4.207064356755926826e-01
-3.779279329682857513e-01
-3.498839401640168600e-01
-3.133952501607710217e-01
-2.896113440841973641e-01
-2.671430894245293008e-01
-2.363041612379425394e-01
-1.988167810952469194e-01
-1.610228543330516904e-01
-1.367874527542353724e-01
-1.080855360206346288e-01
-3.389477570207464693e-03
-2.763709696391124931e-02
-6.864400967544033449e-02
-1.103576877142280477e-01
-1.557459681523470640e-01
-1.874082549578886259e-01
-2.287122913962585380e-01
-2.596416505509276385e-01
-2.854273111545914121e-01
-3.226519459725542549e-01
-3.644840028515347052e-01
-4.133555502315609531e-01
-4.520447128744649601e-01
-4.714094842453305234e-01
-5.167631971547179681e-01
-5.480279836260836257e-01
-5.941696368871710598e-01
-6.358637119190593268e-01
-6.540492144475520409e-01
-7.010774688068062144e-01
-6.919624456747104357e-01
-6.723765591585275647e-01
-6.429091003254462366e-01
-6.111339380990682413e-01
-5.789052113579530312e-01
-5.347297818948252290e-01
-5.160351176638302562e-01
-4.747385086719919101e-01
-4.396614797970005428e-01
-4.100888395563765387e-01
-3.874204337227949990e-01
-3.492199711682133501e-01
-3.146539537820192689e-01
-2.913822923867984693e-01
-2.511960237399225582e-01
-2.245632875661527361e-01
-1.920594704950097098e-01
-1.583230891569724075e-01
-1.395734266639241383e-01
-1.024498448423248054e-01
-4.243178786092149934e-03
-3.344924609390360903e-02
-7.373030439445307782e-02
-1.052381272833661785e-01
-1.468801648255402825e-01
-1.890727981861142493e-01
-2.254931230591074032e-01
-2.552694964698182245e-01
-2.894810789579552734e-01
-3.401679970193439706e-01
-3.585669216951984928e-01
-4.047391991696100422e-01
-4.454610901547670365e-01
-4.786327235082130649e-01
-5.065293775399479781e-01
-5.587571658573149413e-01
-5.971941798304832849e-01
-6.231680325564901146e-01
-6.708744779051514229e-01
-6.971579920914716677e-01
-6.915166478779640746e-01
-6.670998991454073490e-01
-6.410454173383136611e-01
-6.047543280890926853e-01
-5.693709463934265580e-01
-5.445548814953029559e-01
-5.151557842206376803e-01
-4.784408863976865045e-01
-4.478339942561776477e-01
-4.106034441408575320e-01
-3.922106336048198916e-01
-3.530861015808285930e-01
-3.289750738518971152e-01
-2.870434345775481622e-01
-2.493392005645315157e-01
-2.229974702667203434e-01
-1.950317354211064669e-01
-1.640597524627955273e-01
-1.251346832971238776e-01
-9.276386593017599269e-02
8.123949886841773729e-03
-3.781599657410422699e-02
-6.858702110398401386e-02
-1.023170781273169683e-01
-1.459308782087800072e-01
-1.896289397310561842e-01
-2.231706655843770648e-01
-2.549425505267212122e-01
-2.864922104500640665e-01
-3.403421433645670291e-01
-3.757836639864100547e-01
-3.953371084928226087e-01
-4.392581568999527342e-01
-4.727743122446965707e-01
-5.253641913129809549e-01
-5.597287024870315486e-01
-5.831724371845002919e-01
-6.242631483816478699e-01
-6.577616415820117801e-01
-7.024352509990723359e-01
-6.992600327041103014e-01
-6.712056472799762252e-01
-6.404610369263007419e-01
-5.952706127517958246e-01
-5.742399355603776678e-01
-5.459897544087483068e-01
-5.163154740171115309e-01
-4.755467580969674479e-01
-4.563872313275126880e-01
-4.203910423998128421e-01
-3.931339698739682587e-01
-3.600044029256228018e-01
-3.259305298410169471e-01
-2.983661683739849968e-01
-2.493375305739935488e-01
-2.359130742999649144e-01
-1.857226381766494683e-01
-1.666346019513014198e-01
-1.222439997110946613e-01
-9.271042668652654251e-02
-5.082905397205917004e-03
-4.537469825840811238e-02
-7.015792786063509978e-02
-1.144650534236246187e-01
-1.464906074503836142e-01
-1.827769788854304578e-01
-2.233941590839495783e-01
-2.509489310451244459e-01
-3.029419085407710210e-01
-3.396355672812488291e-01
-3.722541554840272382e-01
-4.113274460742893379e-01
-4.442074233674956907e-01
-4.804889916526120519e-01
-5.114565430288908754e-01
-5.427170516664771016e-01
-5.840201471108577014e-01
-6.229237271463161640e-01
-6.596568322865572487e-01
-6.920559740090417300e-01
-6.916096071800610368e-01
-6.736379538625809626e-01
-6.324979145927731583e-01
-6.088630337496045986e-01
-5.738950502843365165e-01
-5.460718565916684586e-01
-5.067133768268954341e-01
-4.751749374714873131e-01
-4.416648309190580601e-01
-4.129907718108651316e-01
-3.885736482567743733e-01
-3.582801714576572816e-01
-3.176116717501103470e-01
-2.977231763537122045e-01
-2.570031118473012910e-01
-2.231536807395170796e-01
-1.907799100338773701e-01
-1.610033179656840951e-01
-1.261389903875872742e-01
-9.479722134166675140e-02
-8.424143076277187947e-03
-3.504993036909907766e-02
-6.623581199506405059e-02
-1.078276273263055474e-01
-1.498177599914507219e-01
-1.743631079661097649e-01
-2.155204248796362965e-01
-2.545889624755515723e-01
-2.933680710551366810e-01
-3.394933984627435120e-01
-3.702368761001009756e-01
-4.016264834017865826e-01
-4.509728869239612581e-01
-4.711059094375562029e-01
-5.179744798485150792e-01
-5.598520950444789701e-01
-5.819370745956847779e-01
-6.320404043169846053e-01
-6.704776139007325719e-01
-7.042972398210924911e-01
-5.977844386147040945e-01
-6.038210388574053455e-01
-6.091251033325758568e-01
-5.952659294093856079e-01
-5.984487523005452836e-01
-6.023675835074477902e-01
-5.980735699944779160e-01
-5.965198751158886648e-01
-5.979210725471330035e-01
-5.991320508917229448e-01
-6.090182132366936951e-01
-6.096232539217533164e-01
-5.924660478249137441e-01
-5.903564729858775673e-01
-5.975453667201932051e-01
-5.951564581111642438e-01
-6.082433585558959521e-01
-5.906920263113563108e-01
-6.000649431785435306e-01
-6.087821757380624810e-01
-5.672944907522106117e-01
-5.740021177346801284e-01
-5.801268094976016476e-01
-5.746243835230709918e-01
-5.757595412737621654e-01
-5.700789093406916086e-01
-5.681627828717340511e-01
-5.694540007686688110e-01
-5.819653261752448792e-01
-5.868765573691309134e-01
-5.854278872495991548e-01
-5.707209313780027271e-01
-5.692826644038863071e-01
-5.682582551529906656e-01
-5.694530749337943787e-01
-5.762846538677869335e-01
-5.854755060447194293e-01
-5.723063065557906226e-01
-5.772416910582387484e-01
-5.763217521521604159e-01
-5.539974055241190243e-01
-5.562446949969670484e-01
-5.565571467803305250e-01
-5.544326714819561852e-01
-5.562440971017889035e-01
-5.457931579066896965e-01
-5.571235485627392681e-01
-5.473559523944553362e-01
-5.521212222357451127e-01
-5.565216707757982828e-01
-5.443926050853825638e-01
-5.547207449028320747e-01
-5.449358311030262358e-01
-5.444397292822270584e-01
-5.570348591187723741e-01
-5.516875639695435485e-01
-5.533483055498897851e-01
-5.481694318994235759e-01
-5.525708250092664642e-01
-5.514787667685355776e-01
-5.229291787488976606e-01
-5.324671715863682486e-01
-5.334023632861601971e-01
-5.276457810596737463e-01
-5.402121304559669435e-01
-5.231915724753033459e-01
-5.307920964144804410e-01
-5.285755388255455323e-01
-5.318884282008862208e-01
-5.228118065116237334e-01
-5.219020115722854403e-01
-5.352310240121519458e-01
-5.366392093652989637e-01
-5.334497804335707194e-01
-5.253986907973979825e-01
-5.364106045762937480e-01
-5.248019431947869018e-01
-5.275463733590322057e-01
-5.223656542134825775e-01
-5.232624539600720937e-01
-5.034980147057531719e-01
-5.146951501846454002e-01
-5.014397140853615875e-01
-5.002606834824954163e-01
-5.055362627107801154e-01
-5.081617965695758299e-01
-5.153083746475523030e-01
-5.014581365078739639e-01
-5.104559677760428515e-01
-5.091285868732250419e-01
-5.168141017503513623e-01
-5.000030851772107043e-01
-5.055762050181861200e-01
-5.014276536804737061e-01
-5.061888842375954489e-01
-5.060247129992302417e-01
-5.110876704245018720e-01
-5.083575466032641543e-01
-5.102797713747725394e-01
-5.058209591209541500e-01
-4.832766423641728926e-01
-4.801217076695991626e-01
-4.863239994115981513e-01
-4.788923575419664624e-01
-4.795103146688826645e-01
-4.822320628122399033e-01
-4.875320842468723326e-01
-4.865293755928753461e-01
-4.937272490300421146e-01
-4.926076027414141856e-01
-4.915459748188154565e-01
-4.814156739794525075e-01
-4.911387318277210534e-01
-4.946132299981234048e-01
-4.924995270617672505e-01
-4.780885865422732084e-01
-4.873661841459814292e-01
-4.849927839359219339e-01
-4.815667254956766952e-01
-4.762439579170432702e-01
-4.621428469240705383e-01
-4.633799595458246157e-01
-4.541684816801881963e-01
-4.650985007084256218e-01
-4.666178281394793848e-01
-4.613908958937973370e-01
-4.566045227003127649e-01
-4.540588920737839707e-01
-4.605464290613410783e-01
-4.547950542183278877e-01
-4.589286029219052931e-01
-4.617878969750671692e-01
-4.692173190873615285e-01
-4.574978801049994770e-01
-4.703132832327430735e-01
-4.574102495475209640e-01
-4.539745803908933897e-01
-4.688919536361680351e-01
-4.644552404150705804e-01
-4.517108431937942870e-01
-4.306837793261367175e-01
-4.332423555468409848e-01
-4.333276929378110376e-01
-4.473133312792015870e-01
-4.364543833929941941e-01
-4.461658059490401507e-01
-4.469288864280138163e-01
-4.358889357289238986e-01
-4.444559206432882048e-01
-4.466538911803549783e-01
-4.408453679366134415e-01
-4.345068537144307075e-01
-4.292655105802087312e-01
-4.430253797076561528e-01
-4.300003455310430489e-01
-4.430297491337125693e-01
-4.359430845795362885e-01
-4.477245732307526538e-01
-4.393625390904168371e-01
-4.342431980003937930e-01
-4.092931946691272804e-01
-4.198830770016264702e-01
-4.130475218548389504e-01
-4.164567060946229859e-01
-4.059606965513681831e-01
-4.172395150319739843e-01
-4.163986368369997360e-01
-4.199390651144524478e-01
-4.247552116241583020e-01
-4.230364411351048015e-01
-4.247318206635591897e-01
-4.198732845850639550e-01
-4.095777573563552654e-01
-4.092840380619133800e-01
-4.097336148749844420e-01
-4.212651949749976477e-01
-4.215152206730318207e-01
-4.089295768228323746e-01
-4.127580249962549130e-01
-4.132058210290118772e-01
-3.979627635565701760e-01
-3.922843030670051800e-01
-3.896084189995573377e-01
-3.946572881012419542e-01
-3.964857387764675889e-01
-3.884551322527264317e-01
-3.842473033595655285e-01
-3.879953979368993555e-01
-3.913998035946371079e-01
-4.018150367311262294e-01
-3.926444454617619706e-01
-3.915080748069582062e-01
-3.833841678350082272e-01
-3.923478217603750817e-01
-3.922378864578173197e-01
-3.844140639859074393e-01
-4.006158715448369101e-01
-3.845771571359025143e-01
-3.824230576358021438e-01
-3.831074040927280322e-01
-3.765745311889187596e-01
-3.763053731700967131e-01
-3.763773779342846071e-01
-3.744650751762560459e-01
-3.649332617310083737e-01
-3.599756405233892065e-01
-3.667778146420437313e-01
-3.731811887616657830e-01
-3.624156160441901475e-01
-3.603585228013566621e-01
-3.771372691060276838e-01
-3.786854299570880378e-01
-3.789011995419351297e-01
-3.603796419229433057e-01
-3.636233133726564093e-01
-3.666295880190599821e-01
-3.619536055085429971e-01
-3.645525016877015356e-01
-3.611997583654960597e-01
-3.606320995551013375e-01
-3.378923344453445554e-01
-3.457692488283237719e-01
-3.418813643786877687e-01
-3.375291738499953675e-01
-3.467017051467308764e-01
-3.513194960696394697e-01
-3.371619856134345228e-01
-3.414507911697751141e-01
-3.365186729492513629e-01
-3.500259189855169373e-01
-3.503788416381931059e-01
-3.473011926808510785e-01
-3.534782803783417804e-01
-3.493987651822869078e-01
-3.458954708211712248e-01
-3.481322848053353125e-01
-3.362940559244064764e-01
-3.502607297312916868e-01
-3.374214432942934661e-01
-3.498444668716220174e-01
-3.158334891617332607e-01
-3.297889855305898288e-01
-3.155574029066002262e-01
-3.240491124547176249e-01
-3.146973776788530852e-01
-3.238682434643878616e-01
-3.197334124326189908e-01
-3.159369220838177394e-01
-3.171042858068272019e-01
-3.260881751532470063e-01
-3.204936569589788009e-01
-3.319793743291143961e-01
-3.261342006054903653e-01
-3.249808943282707641e-01
-3.161564587990129960e-01
-3.283890552586052336e-01
-3.296336656363561546e-01
-3.322713451600089463e-01
-3.309774477476120635e-01
-3.289197484968938712e-01
-2.944896444914035238e-01
-3.074383144370632093e-01
-2.940221495908662552e-01
-2.943308376980687258e-01
-3.032624275239644840e-01
-2.903202677814640809e-01
-3.086509320518657229e-01
-2.916632879557711777e-01
-2.951068275903329652e-01
-3.012662939134318485e-01
-3.052281313355085235e-01
-2.927909652112117289e-01
-2.992042360554325042e-01
-3.002903218482471104e-01
-3.055204366855265308e-01
-3.042737180000534836e-01
-3.041653787933740194e-01
-3.056768703561900669e-01
-2.925224127404746355e-01
-3.039257588885615480e-01
-2.715378626707303789e-01
-2.692589687501788509e-01
-2.718847944728108867e-01
-2.842398303680811478e-01
-2.687490660550959087e-01
-2.820012414962003167e-01
-2.813131141841980210e-01
-2.745937056251293029e-01
-2.718861274699281294e-01
-2.823683475095021822e-01
-2.696562051194082987e-01
-2.755746138046967220e-01
-2.751890156338419602e-01
-2.806983985671269166e-01
-2.856359862630029056e-01
-2.773806113963896425e-01
-2.802752323115921262e-01
-2.795731909510187352e-01
-2.764185528954728466e-01
-2.864735490213217162e-01
-2.551725823246894231e-01
-2.440129193211845182e-01
-2.627035776711332260e-01
-2.495201331575100101e-01
-2.518363771730507406e-01
-2.555403622018485588e-01
-2.618977759630848334e-01
-2.546897125700712250e-01
-2.598501404530870751e-01
-2.634474786214681119e-01
-2.587717720173509650e-01
-2.454145954377338068e-01
-2.579057281248182121e-01
-2.513298158441077401e-01
-2.510455825863729395e-01
-2.556370319151849424e-01
-2.453907712612137249e-01
-2.446647460637994265e-01
-2.600150046239905199e-01
-2.462319794997796241e-01
-2.313558158125133268e-01
-2.307380556428073048e-01
-2.228563181448203201e-01
-2.397248682846024326e-01
-2.380870826291283660e-01
-2.269290452819897053e-01
-2.303753884738171942e-01
-2.222173481261882633e-01
-2.378089582343089758e-01
-2.219789210965278370e-01
-2.332448781593958187e-01
-2.274193785413489988e-01
-2.241282744180532749e-01
-2.366627677002108299e-01
-2.223104445485435676e-01
-2.235827143043591092e-01
-2.348744484004617050e-01
-2.208621627422535372e-01
-2.254003890013227540e-01
-2.286995441762831316e-01
-2.049464641572391332e-01
-1.994848620547901852e-01
-2.049299580878240490e-01
-2.015541612094848556e-01
-2.129596602510585579e-01
-2.078568678176609674e-01
-2.147824836597448661e-01
-2.141319426722256836e-01
-2.116602358946985118e-01
-2.088194266392824627e-01
-2.040764518355512869e-01
-1.977705535597632236e-01
-2.011051342171345513e-01
-2.140361059577769176e-01
-2.089012796409860928e-01
-2.075582454130007193e-01
-1.982060615649295365e-01
-2.130330342192183202e-01
-2.066231069126510111e-01
-1.992073201088905843e-01
-1.752456430366136353e-01
-1.899206250314418032e-01
-1.851874224414766790e-01
-1.746249243578930355e-01
-1.782587255408894789e-01
-1.762344658330511626e-01
-1.935459254308608545e-01
-1.850023057532029780e-01
-1.805160793808560649e-01
-1.777818447030327376e-01
-1.938119511021592078e-01
-1.814099060821847686e-01
-1.945696580234758111e-01
-1.834691247351218635e-01
-1.876488385863468167e-01
-1.809502551474078125e-01
-1.804077033790172646e-01
-1.891026930597788924e-01
-1.791923693766726833e-01
-1.843161119330762876e-01
-1.622310806086965929e-01
-1.652129252706074636e-01
-1.579714192625960578e-01
-1.600881217403295753e-01
-1.545043319712843255e-01
-1.606910893634501680e-01
-1.651832438012408311e-01
-1.574643336296879803e-01
-1.555058669740063404e-01
-1.607117940081030649e-01
-1.531360268197770880e-01
-1.575560742128034319e-01
-1.655204954924542615e-01
-1.689032727573288872e-01
-1.559733214229460652e-01
-1.588651895382995893e-01
-1.532007485791025969e-01
-1.657479866549933234e-01
-1.686372375596148221e-01
-1.664622649025959411e-01
-1.389184039951037175e-01
-1.369418840651070446e-01
-1.299827017189332801e-01
-1.421323331561226144e-01
-1.390206180508326006e-01
-1.378198200385279404e-01
-1.348080837006092603e-01
-1.443783502403032659e-01
-1.361337051719539171e-01
-1.363680029475194400e-01
-1.466293820673715831e-01
-1.313013862403395737e-01
-1.437279792937951883e-01
-1.470899084434865722e-01
-1.480994038635000676e-01
-1.439499100450882529e-01
-1.293689206186942053e-01
-1.452723510359729409e-01
-1.482705354987923219e-01
-1.420443296111007780e-01
-1.119418183944336648e-01
-1.202246456201386260e-01
-1.070670035145235705e-01
-1.219824208446219221e-01
-1.139283643166250082e-01
-1.107264974671260949e-01
-1.151608528415178773e-01
-1.213217494177747935e-01
-1.238283059887849841e-01
-1.247463798465184848e-01
-1.155088432747997246e-01
-1.119075099263311945e-01
-1.142590063854145299e-01
-1.099077813537207710e-01
-1.160841360318737997e-01
-1.105442875777516154e-01
-1.085542651878991099e-01
-1.077232591974703335e-01
-1.151037635721065544e-01
-1.172916225551573349e-01
-8.837028587673696756e-02
-9.417007631381812960e-02
-9.483869655683281608e-02
-9.069147663022025796e-02
-9.887446901731099247e-02
-8.230792709396542173e-02
-8.255206630412494084e-02
-8.438668559310986972e-02
-8.807517141825504936e-02
-9.655411073772668384e-02
-8.999774220081646625e-02
-8.599142263335077252e-02
-9.836921813738008780e-02
-9.957011005220538225e-02
-8.579117878252817686e-02
-8.417696812341389501e-02
-9.238818766667973581e-02
-8.619885176416636208e-02
-1.015590147771820162e-01
-8.556079732218968559e-02
-7.910813163273017201e-02
-7.263384772807238154e-02
-6.314382157472936408e-02
-7.078161617304559727e-02
-6.181650552899928958e-02
-7.348100116571755491e-02
-7.045203645422334904e-02
-7.199014911831982944e-02
-6.366346088459845509e-02
-6.536851706184196309e-02
-7.301551671659016474e-02
-6.373025119040212627e-02
-6.963820166990372651e-02
-7.447132139433818021e-02
-7.530455078376276090e-02
-6.723860663350168798e-02
-7.061470547216261440e-02
-7.285726531801479944e-02
-5.924942081713945041e-02
-7.756522645883170974e-02
-4.564790791716324264e-02
-4.692376074716959888e-02
-5.350622524053871149e-02
-4.413716113807893138e-02
-4.916493359416321263e-02
-5.055282295193122555e-02
-5.408866166175024803e-02
-4.132363639824310209e-02
-4.611070417251682263e-02
-5.143633010876734468e-02
-5.389764769825128310e-02
-5.109030528757628475e-02
-4.374760044543005849e-02
-5.214170426133562380e-02
-4.236986406962936491e-02
-4.696450684665999520e-02
-5.443658986962324198e-02
-5.022322426505826387e-02
-4.393830164098733171e-02
-4.254916813665002295e-02
-3.206242839205688394e-02
-2.264272820465943609e-02
-2.780950037428302560e-02
-2.900215499794286597e-02
-3.134327985503253949e-02
-2.622639816662049317e-02
-3.188344596766572170e-02
-2.574139334711437327e-02
-2.301378005712430980e-02
-2.732434896915775235e-02
-1.997568415187240404e-02
-2.409102949258486864e-02
-2.241313739745638689e-02
-1.714275530118193613e-02
-2.243015846774394639e-02
-2.971684223593600710e-02
-1.657560945699292076e-02
-2.627675582810470173e-02
-2.558201849442032216e-02
-2.481559910487170922e-02
-3.763307297592899565e-03
-4.191655418584721432e-04
9.955591831304290776e-03
6.147503136900723739e-03
4.835132001123202891e-03
-6.326352862947593088e-03
-7.416880346312784700e-03
-4.883151382906145664e-03
-5.880573054832753839e-03
6.404098932061523877e-03
4.300507378407149653e-03
-6.501970414889306216e-03
-7.530128832323061683e-03
-9.109444374627293992e-03
4.999578412203695837e-03
2.217946051154549500e-03
-3.951789197102040241e-03
5.931668222073933211e-04
-2.019445277434554417e-03
-4.000176436161089269e-03
1.578860827816566323e-02
2.390707590175056296e-02
2.563104241750909645e-02
1.626991775110105121e-02
1.469832520074501256e-02
2.646536608708365684e-02
3.229025805846823943e-02
1.550932250832434342e-02
2.434949984244248744e-02
2.568186295717506812e-02
1.382153629573354241e-02
2.248453289517163972e-02
2.759670156650612105e-02
2.487517047677691509e-02
2.129373719106286700e-02
2.366509544059694492e-02
1.626697385636746360e-02
2.958769370368549007e-02
2.992771176603479383e-02
1.833650890043170278e-02
4.082614854080523353e-02
5.501392511134252372e-02
4.575244538450569387e-02
4.075561914931295771e-02
4.986804179738259235e-02
4.955042886298173521e-02
3.748356800256202187e-02
5.602401609787022174e-02
3.919913357324251307e-02
3.968885939022833570e-02
4.609183572971526505e-02
3.646787406153179090e-02
4.757946753931427408e-02
4.175863165737603300e-02
4.753074806126916796e-02
4.015503261212414327e-02
5.376211625339755856e-02
4.222632519326442735e-02
3.989448897807106736e-02
4.221005370670994489e-02
7.912069784649812532e-02
6.094483749265281608e-02
7.034258710575366780e-02
7.509677473384822333e-02
6.980195250156637221e-02
6.127884561486007797e-02
6.420895836978089688e-02
7.149846012747383683e-02
7.470186175826767916e-02
6.646667696763644551e-02
7.546668643015910782e-02
6.102707189010251471e-02
7.559107838546615110e-02
7.042824169280036128e-02
6.702855117324334200e-02
7.053936618936745839e-02
7.446224154803071649e-02
7.351472230144999453e-02
7.743985794729896233e-02
5.964126243968820296e-02
9.601140680657486992e-02
9.815064273249041182e-02
9.364165442159216868e-02
1.020579354506283010e-01
1.018740121101083251e-01
9.049013930244506621e-02
8.356832033304960328e-02
8.925569588880934158e-02
8.533947728294488666e-02
9.030221421794833170e-02
8.827327740546205004e-02
8.649440625501482460e-02
9.166772461272568173e-02
9.324079328610571094e-02
8.769718569307967393e-02
8.804660481561113472e-02
9.651551759247069262e-02
9.941332902654964609e-02
8.845992271121227990e-02
8.314289484934052343e-02
1.056529604043074527e-01
1.072213464083291018e-01
1.098399834191519653e-01
1.177561168123751056e-01
1.173662946644656035e-01
1.137037932984560074e-01
1.076083063429228992e-01
1.178580262081161539e-01
1.175796358701202554e-01
1.180857470901122142e-01
1.090982024290759328e-01
1.196912948188789821e-01
1.208149304909497956e-01
1.220822868778853321e-01
1.185647327478015350e-01
1.159026692143003967e-01
1.106292297997988755e-01
1.206276524329570748e-01
1.119596396797009202e-01
1.197338616098490016e-01
1.421843572223568386e-01
1.381316267445271417e-01
1.447637833010844144e-01
1.288285578619197680e-01
1.379084172759879046e-01
1.398452078350064243e-01
1.342694895408622358e-01
1.359654639367543216e-01
1.472218945148794644e-01
1.419781852151911217e-01
1.320371776650234030e-01
1.398825772247928312e-01
1.414318755439152309e-01
1.373187598193835735e-01
1.310537728534974522e-01
1.411167576814681413e-01
1.375059451508862107e-01
1.476298979270458944e-01
1.460184436460501278e-01
1.449710717332444165e-01
1.641280194737579357e-01
1.667019094361935627e-01
1.579198187217710214e-01
1.714944378421832394e-01
1.581635237962701335e-01
1.518210617962143516e-01
1.584575973566174911e-01
1.696658384204470793e-01
1.688787713464536266e-01
1.587424012617666413e-01
1.679826612789507290e-01
1.522668280218324732e-01
1.547400290804565315e-01
1.597524973940114834e-01
1.596675465714904596e-01
1.663045672912566442e-01
1.595979786887762319e-01
1.551493903878648772e-01
1.602819128713402763e-01
1.656735789942055392e-01
1.923433404767035115e-01
1.927213504987711212e-01
1.896460758276950764e-01
1.898365211021847687e-01
1.830167578395552608e-01
1.775490174018361511e-01
1.787385125319648216e-01
1.810016227785901377e-01
1.786296202581094117e-01
1.754634135528109207e-01
1.827207703305968878e-01
1.778445592412980503e-01
1.872090127445170116e-01
1.757664000631961321e-01
1.762822169945713890e-01
1.763224044451286443e-01
1.772926742509611242e-01
1.761543543403395473e-01
1.768543609269792316e-01
1.868127984139937581e-01
2.104972632634863894e-01
2.085070441816663511e-01
2.067838339589661012e-01
2.165897180716186976e-01
2.159034676175424217e-01
1.987385586649468294e-01
2.141375946810848419e-01
2.087014475049998041e-01
2.048923492378580957e-01
2.029771247351787045e-01
2.036462532858231422e-01
2.116581343901540180e-01
1.986374564035332524e-01
2.063079585380798997e-01
1.988778649633652085e-01
2.115833799622065248e-01
2.150090406332411108e-01
2.024033300628853838e-01
2.020906179910565981e-01
2.000770888191861496e-01
2.392533528899708217e-01
2.229629034979754565e-01
2.361477474041816516e-01
2.211664143198291688e-01
2.394086463658168795e-01
2.240711887591741169e-01
2.259244776836376589e-01
2.385264724749397158e-01
2.295404584528663583e-01
2.364521532308277718e-01
2.384791935504648464e-01
2.389856818863699550e-01
2.360939012554284511e-01
2.362318323496398476e-01
2.307832275090007101e-01
2.267793977686462792e-01
2.277614454703806302e-01
2.292195595387472584e-01
2.398716638724988082e-01
2.375954959320286941e-01
2.451810501329215464e-01
2.462092898257770279e-01
2.584021073095540411e-01
2.586863645147017277e-01
2.552676629108617812e-01
2.542638971533337511e-01
2.474943525776170106e-01
2.623537309968083653e-01
2.510540389648120430e-01
2.562286674359364747e-01
2.526089952218448786e-01
2.491074019719709820e-01
2.543238565449683630e-01
2.551572251978037609e-01
2.611605739426651196e-01
2.527422500656137938e-01
2.445154937463383249e-01
2.478532587703123347e-01
2.614159496082379408e-01
2.620827342862954712e-01
2.688422898792072746e-01
2.791673717259278709e-01
2.833592596358281979e-01
2.724410628540618884e-01
2.744771011840706487e-01
2.801745519697467213e-01
2.814274237875360463e-01
2.778055742740642708e-01
2.792803677536124796e-01
2.821249835827586150e-01
2.703163769919047499e-01
2.728063021221129869e-01
2.779188155369135549e-01
2.869077303695529713e-01
2.739398447914291879e-01
2.860692264863589074e-01
2.858471802075146506e-01
2.831953335844182296e-01
2.709655807225332391e-01
2.784810561587882094e-01
2.919816558742006074e-01
3.093999605627080207e-01
3.038559692287808867e-01
3.066353119404744421e-01
3.078386673048108535e-01
2.944263699649725119e-01
2.946634614769858551e-01
2.941830319176901853e-01
2.922876590890879922e-01
2.921593157021333265e-01
3.033538907804469997e-01
2.989718140389202583e-01
2.950036814709166011e-01
2.978651336517250114e-01
2.929708887911069981e-01
3.079069856941280547e-01
2.958851672915659980e-01
2.908284231423771682e-01
3.000936305848226349e-01
3.014694846184507449e-01
