4.700740575370848107e-01
5.313135784298361752e-01
4.550316590873105249e-01
4.879754616376543730e-01
2.409229886700731404e-01
3.910750082138278461e-01
2.196336892638174609e-01
4.314986781161499474e-01
5.092554590374610557e-01
2.833203661861018463e-01
5.771277923910805852e-01
3.832307291754391554e-01
4.810187282747949156e-01
5.538564938470035282e-01
4.166109294141752684e-01
5.425153860190797817e-01
3.818623903414575249e-01
4.245652077564925908e-01
5.930738808378964444e-02
4.777708961212926431e-01
4.601313283466755277e-01
3.426228590040475974e-01
4.082037137439727958e-01
4.912089585360913668e-01
4.479390950746371391e-01
4.612235185810545923e-01
3.572037885657974865e-01
4.963990239669369697e-01
4.861269737741909513e-01
5.384894028370059704e-01
3.061936002821159519e-01
4.491658569101046328e-01
4.972366391881150038e-01
5.305708939089972542e-01
5.348668377328825718e-01
4.715479442960932577e-01
4.666415229086971483e-01
4.431539250362793170e-01
4.806202901709312192e-01
4.945861412991667816e-01
4.836369120044709535e-01
3.667746112227128763e-01
4.933769532826070559e-01
4.118114883195849174e-01
2.548888716612702776e-01
4.099684189124391809e-01
5.373394827101642957e-01
3.444913803970534039e-01
5.327507867644086792e-01
5.688048576696880243e-01
5.178663986174152356e-01
2.998089345325501975e-01
3.777086312924524680e-01
5.947180375721692336e-01
4.587792181206776232e-01
5.514120282509936688e-01
5.587991015096015479e-01
3.788458869176044574e-01
2.431946846815941643e-01
4.915410924366061529e-01
4.632023634868961959e-01
4.930181178348818638e-01
4.146633184676116191e-01
3.194533063183935262e-01
5.608667259607166278e-01
3.898205785550534763e-01
4.094315134801526090e-01
5.413512390128102370e-01
4.629424279620930061e-01
4.636409003630474479e-01
5.289881643108078624e-01
2.823802274065166928e-01
4.490671041434626254e-01
4.988570398765671543e-01
4.336937352270781587e-01
4.450810429306206184e-01
4.392687883284972505e-01
3.778529634148461991e-01
2.715489151866720685e-01
4.795711708709201604e-01
5.271178129883927754e-01
3.774539879827311650e-01
5.279996244395988025e-01
5.059564355448138429e-01
4.822856893303509307e-01
4.541433593622724030e-01
6.763001186494985162e-02
5.106583032809576261e-01
4.697737067717571158e-01
5.215109232962277241e-01
5.859516106848872141e-01
3.557384436551058737e-01
5.233876476970503733e-01
4.633258164521183997e-01
4.518092164217636930e-01
5.257106052953440800e-01
1.637445304774933219e-01
3.302973021312414215e-01
3.753248717771398013e-01
4.897870452505635464e-01
4.641178128745199749e-01
3.919355797968065991e-01
4.956426197324198535e-01
4.175729057160750823e-01
5.065686781993560261e-01
4.060241079669378306e-01
5.690859701017182415e-01
4.429730959687974701e-01
4.864703887507942914e-01
5.112388559017744250e-01
5.720722262213602249e-01
5.335361965629729086e-01
5.116492931050368176e-01
5.426755280066577480e-01
4.288130089341499196e-01
1.332122759500792841e-01
5.781586994182953410e-01
5.538285008452633607e-01
5.622442146616460912e-01
5.409562022182345942e-01
3.645767686900209248e-01
5.057402276983853362e-01
3.744981125923981802e-01
5.454746049085722470e-01
4.438544379978127674e-01
5.791268127380703179e-01
4.952781406448746315e-01
5.290322770913886696e-01
4.496526166216054388e-01
3.221126441802421581e-01
3.757772362962667478e-01
4.872310187518800184e-01
4.604160772405088697e-01
5.303927818194607013e-01
4.639270654113811232e-01
5.027998007540875891e-01
5.163627514170400223e-01
6.252292477083500888e-01
5.581543510166191435e-01
4.098023970690180540e-01
5.406371905434250724e-01
4.874222162606688946e-01
3.530523757380633065e-01
4.382438605339397109e-01
3.524410083971646346e-01
4.578744473294370509e-01
1.029968737475419893e-01
6.200617283642664290e-01
-3.459554526430282384e-01
4.042440528817264900e-01
4.328693326305952938e-01
5.555210472188601978e-01
4.227065721583077029e-01
4.881097262895146560e-01
4.374854667298238020e-01
5.692495342006893555e-01
4.597876150106689486e-01
4.848135716231870562e-01
5.064408894296447139e-01
5.243535099046701120e-01
3.915597528454142218e-01
1.366964420820250270e-01
3.836237989820653338e-01
4.841799932808227847e-01
5.282509258607911429e-01
5.711392375695173440e-01
3.429660220671338910e-01
4.000151471470485554e-01
5.839213433006783527e-01
5.587600293309386013e-01
4.719544022667717664e-01
4.842364165945735044e-01
3.851829413523458756e-01
4.871629449244542776e-01
3.461282879986566918e-01
5.078230785942045022e-01
4.989001542590302263e-01
5.085902725419485515e-01
5.527261380102972410e-01
5.398106594895059063e-01
4.709569110854198160e-01
4.392973252210413126e-01
4.989826863340451890e-01
5.239879456387949164e-01
3.473371267987925837e-01
5.051611532888259370e-01
4.873376994581311572e-01
3.619484983734301276e-01
4.936104499858415262e-01
8.345763307920794905e-02
4.713118015576120423e-01
4.957257400284369453e-01
5.015617458384464822e-01
3.588625977743787887e-01
4.773080631965155307e-01
4.741675700700029306e-01
5.470918579362725742e-01
3.930137897715527684e-01
5.285452743721054114e-01
5.509635739131867327e-01
5.855862305467002260e-01
5.200918191660993672e-01
4.098713466683961415e-01
4.952631506460806188e-01
5.423508684097257948e-01
4.803754952763056307e-01
5.362369548830417942e-01
4.960246956643200589e-01
3.337799061736357875e-01
5.721819128636720375e-01
4.282430480725851196e-01
4.480025909848390220e-01
2.966400649861527516e-01
4.831783272528305528e-01
4.306668583375492521e-01
5.765865148826144759e-01
5.308788163375314229e-01
5.238289527870879647e-01
5.413736243021838312e-01
4.574772923169669880e-01
4.389262915065054727e-01
2.204554668001973694e-01
4.621559587669204494e-01
4.764483277854281162e-01
5.001688530056433990e-01
4.483185583494231907e-01
4.684681100445632906e-01
2.589366643115068034e-01
4.533152608003270245e-01
3.610686727262759632e-01
2.051259228522797906e-01
4.946134163804272732e-01
3.587327016430621462e-01
4.801506624277634416e-01
4.770245292518677238e-01
5.153298708059622646e-01
3.951102596230302577e-01
3.992293218737615335e-01
5.115061203865998163e-01
5.667316803227556710e-01
5.084090955867890393e-01
4.697598206028216206e-01
3.268472753736975100e-01
4.763619020420919448e-01
5.492186034334993749e-01
3.739350395001819205e-01
4.945988649074276045e-01
2.920650880013547779e-01
4.957511906803673263e-01
5.808070612160606272e-01
5.035242388144516301e-01
4.721354528873181744e-01
4.325299917504599190e-01
4.732959610385019111e-01
4.950567443972480608e-01
4.964440226231879305e-01
4.736945964429729039e-01
5.329489662339848000e-01
3.256788993549574740e-01
2.079182986768588759e-01
3.954905344152364610e-01
3.140556786045343163e-01
5.211331317409548802e-01
5.460453838418131145e-01
4.141173765166763499e-01
5.446324915044670201e-01
2.665754575403878612e-01
4.866696900425970806e-01
3.121457818269047224e-01
2.443903967216500273e-01
5.657123923908745633e-01
4.826509711231375399e-01
2.849955203640383017e-01
5.154534283080662860e-01
4.955634209535187962e-01
3.232677989748184988e-01
3.290132547116388917e-01
5.064872904954278443e-01
5.208683290903886043e-01
5.137487617638551995e-01
5.855026917976245970e-01
4.407333553820855787e-01
3.605455241185083759e-01
4.309713024719306063e-01
4.248902845223437863e-01
4.590459839659937757e-01
4.768235142096546308e-01
5.254925120482579759e-01
3.165322879879530760e-01
5.576183343285434635e-01
4.984672512359561436e-01
4.554670993835746029e-01
4.888065115118065407e-01
5.353367884192667958e-01
4.982760596480272919e-01
3.898479182890879358e-01
4.306337019173241409e-01
4.212496645534046236e-01
4.340065716420195008e-01
5.571893961699458941e-01
