-4.974953926133866139e-02
-1.138375340239743266e-01
-1.030971446411835524e-01
-1.911793447644464031e-02
-3.551274077329387435e-02
-5.713667040878205733e-02
-3.291704878042110011e-02
-3.418614213270106117e-02
-2.771468220459230233e-02
-2.310663276799744537e-02
-4.056835749814821646e-02
-3.554723049716777827e-02
-1.257363406176300602e-01
-4.286564548770872840e-02
-4.461614191939421159e-02
-2.945955857959593402e-02
-8.278347470615815551e-02
-3.829224619657740220e-02
-9.773605163407887708e-02
-3.897906070029858588e-02
-2.864925088353464586e-02
-8.635636738550576952e-02
-3.854262824733741682e-02
-4.203782438071123478e-02
-3.663161698157049728e-02
-3.054542514149562876e-02
-8.916588257993032784e-02
-3.495787956485598563e-02
-3.061329141600161244e-02
-3.451467760909032040e-02
-2.002262217842758554e-02
-9.747026441646595984e-02
-1.593152808474365689e-02
-4.278461135842443613e-02
-2.756112884148299511e-02
-3.425622675743518475e-02
-4.749255424792911406e-02
-4.457861524873714398e-02
-6.620345588290585392e-02
-7.636953832748585858e-02
-8.680354673149823230e-02
-1.275189215381007657e-01
-2.598067640824719762e-02
-1.120130843142345678e-01
-1.030978738178169596e-01
-6.785288099749602064e-02
-8.728629191274495103e-02
-6.899132358168207080e-02
-4.899803492653791864e-02
-3.681443970818378680e-02
-2.747226767358070670e-02
-6.191901761511822005e-02
-6.970277822758932929e-02
-2.858471285540689980e-02
-1.018452829532387333e-01
-7.984304435981007253e-02
-7.931624010806438696e-02
-1.037132473531233862e-01
-6.521479299840096666e-02
-5.069996154320829951e-02
-1.094483361981478664e-01
-6.635564275851126015e-02
-6.694651302432136353e-02
-6.668292078797868894e-02
-3.006487447244300323e-02
-2.347604324228895478e-02
-4.322320795596741594e-02
-2.285905676486208946e-02
-1.234329831119022752e-01
-3.172602868936862108e-02
-3.954331658411060213e-02
-3.368026345880038158e-02
-3.909498743162717616e-02
-8.380840250621303389e-02
-2.804931198220221578e-02
-4.471619783137365661e-02
-3.282070203272197118e-02
-3.532738891067381537e-02
-9.795304384016408072e-02
-1.391077278858903754e-01
-3.608558845174430346e-02
-9.097595180540667126e-02
-1.076089765283292504e-01
-9.896035421203584759e-02
-7.352011595840694802e-02
-3.558934940895289167e-02
-1.144957176684055916e-01
-2.465600538351321938e-02
-1.121057697892853949e-01
-1.216416610666629650e-01
-8.886041554185006297e-02
-5.848304787337597899e-02
-1.057275583392806723e-01
-1.083180696747673144e-01
-6.848450742510596434e-02
-2.859630347505110609e-02
-4.359486950899737340e-02
-1.017313065431437735e-01
-6.307537697798917820e-02
-4.993523012537631756e-02
-1.960235406201052064e-02
-6.520355565783322871e-02
-3.803397228708659678e-02
-2.340633096338854552e-02
-8.622266602134931457e-02
-3.286878523005971886e-02
-3.915581342954520955e-02
-7.806701655215902980e-02
-2.532773931308843901e-02
-8.749134717337714306e-02
-7.397785639815933345e-02
-5.266671340799472523e-02
-6.906751044885182933e-02
-4.342768783538184657e-02
-4.529321269582817222e-02
-3.908328321713001874e-02
-4.671736937387290650e-02
-1.078353085682131202e-01
-1.075174506728766716e-01
-4.818464136310735002e-02
-2.716211205728083847e-02
-8.628911391036964140e-02
-7.608727929490671782e-02
-1.142345026734662566e-01
-2.025548570872089463e-02
-1.386327230000393984e-01
-5.581134263473099683e-02
-3.044543316590601553e-02
-3.183790286163548644e-02
-1.126990506364094757e-01
-3.005973019127064494e-02
-1.283625512197084373e-01
-1.171112740221480625e-01
-9.344437841377672971e-02
-7.741362688459631214e-02
-8.381268281019081667e-02
-6.480751042276926277e-02
-1.135039842034194224e-01
-1.300569386158536012e-01
-2.647163559926479087e-02
-8.994565468159605726e-02
-2.359462166158636867e-02
-1.257282472004603857e-01
-5.451341588493342771e-02
-2.820385141028074194e-02
-2.523153948127401097e-02
-1.947198535079474463e-02
-7.310510210069771919e-02
-2.985381949853763844e-02
-2.802224346780037359e-02
-1.076679801429975547e-01
-6.519083465168909464e-02
-8.680606322196690594e-02
-1.030754380280715504e-01
-1.910369108858160983e-02
-4.700422581820126039e-02
-4.618221944450770500e-02
-3.004302728643178100e-02
-2.000194882595635743e-02
-8.514224790356651751e-02
-2.920103977706746401e-02
-1.078143297260782674e-01
-6.696405097029171916e-02
-1.026635290558323282e-01
-7.564427899218184592e-02
-8.224027236630310211e-02
-1.068225502898364210e-01
-4.573626319778117261e-02
-1.261856952618026773e-01
-5.971888655965622988e-02
-1.309923036043572353e-01
-6.767400899528547287e-02
-2.279617895732981639e-02
-2.920481032338258925e-02
-2.767678242681173573e-02
-4.102284102932947374e-02
-1.201379944343617390e-01
-8.347693042663119345e-02
-8.225408938812120430e-02
-4.142520134767473799e-02
-4.113089864199547668e-02
-5.745067501681838662e-02
-2.793372022777639019e-02
-7.705516962650083013e-02
-6.875577644048547210e-02
-3.851796480877719281e-02
-3.542643463519071223e-02
-3.296043631470045587e-02
-3.047126700719195516e-02
-3.244157243673241597e-02
-3.254153505280808073e-02
-3.596792434529311883e-02
-6.522752197300829557e-02
-3.290557552551957865e-02
-6.600667375222288302e-02
-2.951300518633443587e-02
-3.307772605517221576e-02
-1.444096928907288857e-02
-3.590809527194236545e-02
-2.239599479599277063e-02
-1.267193455932476842e-01
-4.437288609717114640e-02
-5.294074423267216417e-02
-8.385612775030958088e-02
-2.881070499255947506e-02
-5.165292658120263641e-02
-1.274079824579421039e-01
-7.308864932590650176e-02
-1.029682524771074192e-01
-7.071647591199874128e-02
-1.141154336983674772e-01
-6.675017229034059529e-02
-5.514721373394033954e-02
-7.487908180317204287e-02
-1.113689116070892826e-01
-1.244747522880509105e-01
-3.232564685574520341e-02
-5.620839671199763521e-02
-9.383659071071898117e-02
-2.434990064544021934e-02
-3.145130188454145492e-02
-2.848402310680357014e-02
-6.296849678713051235e-02
-9.752144383681327078e-02
-1.626311481995951214e-02
-2.991560572449822319e-02
-1.295008928649186986e-01
-3.500140197209727910e-02
-2.695819626500035870e-02
-8.897971635075561936e-02
-8.630230804666380595e-02
-4.563643708042732644e-02
-2.501664072364024119e-02
-6.405991737696303812e-02
-3.473121939197353070e-02
-4.752831280656349272e-02
-2.641688958781743604e-02
-2.837787273849328926e-02
-8.134078249684401074e-02
-2.946936413860755041e-02
-2.965154226674866431e-02
-4.413765359816722300e-02
-3.103599350087073161e-02
-2.872540047491288148e-02
-2.820756066312259461e-02
-7.021458252414235213e-02
-2.446325293307905629e-02
-6.209600999547706252e-02
-9.767885301183311386e-02
-2.292484968606723836e-02
-7.546879855744283161e-02
-4.272903656843447112e-02
-4.706291336919577600e-02
-7.878380166606195611e-02
-8.010822509871280694e-02
-7.801663586410553797e-02
-3.231249116310895564e-02
-4.489995850111729025e-02
-2.476014257086372322e-02
-1.816485248055360949e-02
-3.120849534957204768e-02
-1.071402152228072419e-01
-2.803196434889184546e-02
-2.885477850154719026e-02
-7.670068329316626077e-02
-3.675157976460466380e-02
-6.590557156086175594e-02
-3.243860182617310656e-02
-9.329815104695141081e-02
-5.663304685913787828e-02
-4.348168688934858639e-02
-2.396603616611214793e-02
-2.757209193319956619e-02
-2.063570376381641813e-02
-4.481446805600267091e-02
-2.444304296773453303e-02
-1.090697072242148152e-01
-8.195547801304386981e-02
-1.866664184310294974e-02
-4.541201357088893442e-02
-2.805922758237755499e-02
-9.513487159918156133e-02
-2.725153751215431130e-02
-5.277532025703591395e-02
-7.990761129741442981e-02
-6.837028454373340891e-02
-8.946457585717618177e-02
-9.468228318462632020e-02
-9.916081635435387842e-02
-6.762503603008532260e-02
-2.669404308755879071e-02
-7.956412146323489643e-02
-1.198643939946064108e-01
-5.949533676330075876e-02
-1.270650770650760819e-01
-2.663416405907859802e-02
-8.805863141600780986e-02
-3.558528107536132468e-02
-7.567400922639259953e-02
-5.379979068013803628e-02
